Name	Type	SCF Energy [h]	S1 VE (eV)	S1 oscillator strength	S2 VE (eV)	S2 oscillator strength	S3 VE (eV)	S3 oscillator strength	Free energy G* (see Eq SI2) [h]	Relative free energy [kcal/mol]
s.lin.t.22.0.000-000	Ox0-AA-s	-1027.15299	3.87	1.4002	4.59	0.0000	4.73	0.1174	-1327.66384	138.5
s.lin.c.23.0.000-000	Ox0-AA-s	-1027.15111	4.26	0.8383	4.72	0.0089	4.76	0.2414	-1327.66196	139.6
s.lin.c.22.0.000-000	Ox0-AA-s	-1027.15097	3.89	1.3618	4.66	0.0030	4.67	0.0661	-1327.66182	139.7
s.lin.t.23.0.000-000	Ox0-AA-s	-1027.15039	4.30	0.7923	4.74	0.0884	4.76	0.0994	-1327.66124	140.1
s.lin.c.27.0.000-000	Ox0-AB-s	-1027.14858	4.09	0.8725	4.43	0.1411	4.69	0.0663	-1327.65943	141.2
s.lin.c.24.0.000-000	Ox0-AB-s	-1027.14827	4.00	0.8724	4.42	0.1510	4.65	0.0561	-1327.65912	141.4
s.lin.t.27.0.000-000	Ox0-AB-s	-1027.14764	4.28	0.7777	4.49	0.1521	4.78	0.0314	-1327.65849	141.8
s.lin.t.33.0.000-000	Ox0-AA-s	-1027.14761	4.54	0.2497	4.67	0.0059	4.75	0.3787	-1327.65846	141.8
s.lin.c.47.0.000-000	Ox0-BB-s	-1027.14747	4.46	0.3617	4.54	0.2447	4.65	0.1113	-1327.65832	141.9
s.lin.t.24.0.000-000	Ox0-AB-s	-1027.14713	4.09	0.8481	4.47	0.1618	4.69	0.0627	-1327.65798	142.1
s.lin.t.37.0.000-000	Ox0-AB-s	-1027.14685	4.65	0.2735	4.71	0.2504	4.76	0.1943	-1327.65770	142.3
s.lin.c.37.0.000-000	Ox0-AB-s	-1027.14685	4.67	0.1234	4.71	0.4052	4.77	0.1388	-1327.65770	142.3
s.lin.c.77.0.000-000	Ox0-BB-s	-1027.14683	4.51	0.3202	4.57	0.2448	4.65	0.1286	-1327.65768	142.3
s.lin.c.33.0.000-000	Ox0-AA-s	-1027.14641	4.71	0.3159	4.75	0.0110	4.76	0.0691	-1327.65726	142.6
s.lin.t.34.0.000-000	Ox0-AB-s	-1027.14513	4.60	0.3890	4.68	0.1423	4.77	0.1930	-1327.65598	143.4
s.lin.c.34.0.000-000	Ox0-AB-s	-1027.14448	4.60	0.3519	4.70	0.2119	4.77	0.1922	-1327.65533	143.8
s.lin.t.47.0.000-000	Ox0-BB-s	-1027.14442	4.58	0.3590	4.60	0.1055	4.61	0.2404	-1327.65527	143.8
s.lin.t.77.0.000-000	Ox0-BB-s	-1027.14410	4.61	0.0955	4.62	0.2374	4.66	0.3782	-1327.65495	144.0
s.lin.t.44.0.000-000	Ox0-BB-s	-1027.14311	4.65	0.2861	4.66	0.1077	4.67	0.3370	-1327.65396	144.7
s.lin.c.44.0.000-000	Ox0-BB-s	-1027.14275	4.66	0.2196	4.66	0.2387	4.69	0.2494	-1327.65360	144.9
s.cyc.34.43.0.000-000	Ox0-C6-s	-1025.95449	3.76	0.5672	4.30	0.0000	4.46	0.0000	-1327.74789	85.7
s.cyc.34.34.0.000-000	Ox0-C6-s	-1025.95172	3.38	0.3404	4.12	0.0627	4.34	0.2065	-1327.74512	87.5
s.cyc.17.43.0.x00-000	Ox0-CX-s	-1025.93831	3.89	0.5309	4.23	0.0068	4.58	0.1359	-1327.73171	95.9
s.cyc.17.34.0.x00-000	Ox0-CX-s	-1025.93643	3.46	0.3196	4.15	0.0544	4.42	0.1579	-1327.72983	97.0
s.cyc.34.76.0.000-00x	Ox0-CX-s	-1025.92426	4.04	0.1345	4.50	0.0499	4.57	0.5161	-1327.71766	104.7
s.cyc.34.45.0.000-0x0	Ox0-CX-s	-1025.92334	3.99	0.1917	4.50	0.0733	4.55	0.4345	-1327.71674	105.3
s.cyc.34.67.0.000-00x	Ox0-CX-s	-1025.91688	3.53	0.1590	4.22	0.1897	4.41	0.1294	-1327.71028	109.3
s.cyc.17.71.0.x00-x00	Ox0-CX-s	-1025.91603	3.88	0.5429	4.22	0.0000	4.72	0.0001	-1327.70943	109.9
d.lin.c.22.1.001-001	Ox1-AA-d	-1025.91208	2.32	1.7509	2.57	0.0008	2.70	0.3429	-1327.70858	110.4
d.lin.t.22.1.001-001	Ox1-AA-d	-1025.91103	2.20	1.2815	2.59	0.8070	2.59	0.0000	-1327.70754	111.0
s.cyc.34.54.0.000-0x0	Ox0-CX-s	-1025.91084	3.50	0.1880	4.19	0.1698	4.34	0.1880	-1327.70424	113.1
d.lin.c.27.1.001-001	Ox1-AB-d	-1025.91030	1.90	0.2636	2.32	0.0037	2.79	0.7559	-1327.70681	111.5
s.lin.c.23.1.011-000	Ox1-AA-s	-1025.90988	1.86	0.1020	2.57	0.0000	3.10	0.7393	-1327.70639	111.8
s.lin.t.23.1.011-000	Ox1-AA-s	-1025.90843	1.79	0.1391	2.57	0.0001	3.12	0.6866	-1327.70494	112.7
s.lin.t.22.1.011-000	Ox1-AA-s	-1025.90770	1.84	0.1404	2.52	0.0000	2.93	1.0876	-1327.70421	113.1
d.lin.t.23.1.001-100	Ox1-AA-d	-1025.90727	2.59	0.1061	2.65	0.3296	2.93	1.0347	-1327.70378	113.4
d.lin.c.24.1.001-010	Ox1-AB-d	-1025.90697	1.98	0.2220	2.36	0.0149	2.80	0.8264	-1327.70347	113.6
d.lin.c.23.1.001-100	Ox1-AA-d	-1025.90511	2.42	0.2254	2.64	0.0643	2.88	1.1785	-1327.70162	114.8
s.lin.c.22.1.011-000	Ox1-AA-s	-1025.90509	1.79	0.1668	2.51	0.0001	2.95	1.0451	-1327.70159	114.8
s.lin.t.23.1.101-000	Ox1-AA-s	-1025.90505	2.11	0.0206	3.02	0.7692	3.23	0.1934	-1327.70156	114.8
d.lin.t.27.1.001-001	Ox1-AB-d	-1025.90455	1.90	0.3027	2.44	0.0103	2.80	0.7214	-1327.70106	115.1
s.cyc.23.34.0.000-000	Ox0-C5-s	-1025.90390	3.52	0.0379	4.19	0.4855	4.33	0.3373	-1327.69730	117.5
d.lin.t.24.1.001-010	Ox1-AB-d	-1025.90258	1.98	0.2701	2.46	0.0022	2.85	0.8222	-1327.69908	116.3
s.lin.c.22.1.101-000	Ox1-AA-s	-1025.90249	2.04	0.0466	2.83	1.2455	3.04	0.0328	-1327.69900	116.4
s.lin.c.24.1.011-000	Ox1-AB-s	-1025.90227	1.81	0.0743	2.50	0.0000	2.96	0.2357	-1327.69878	116.5
s.cyc.23.43.0.000-000	Ox0-C5-s	-1025.90212	3.45	0.0861	4.03	0.3659	4.19	0.5118	-1327.69552	118.6
s.lin.c.27.1.011-000	Ox1-AB-s	-1025.90168	1.84	0.0717	2.50	0.0000	2.94	0.1490	-1327.69819	116.9
s.lin.c.23.1.101-000	Ox1-AA-s	-1025.90106	1.93	0.0321	2.98	0.6399	3.17	0.2679	-1327.69756	117.3
s.lin.c.24.1.000-011	Ox1-AB-s	-1025.90099	1.53	0.1622	2.52	0.0002	2.76	0.0254	-1327.69750	117.3
s.lin.t.24.1.011-000	Ox1-AB-s	-1025.90082	1.83	0.0853	2.50	0.0001	2.97	0.1308	-1327.69733	117.4
s.lin.c.27.1.000-011	Ox1-AB-s	-1025.90061	1.58	0.1180	2.52	0.0005	2.83	0.0219	-1327.69712	117.6
s.lin.c.27.1.101-000	Ox1-AB-s	-1025.90025	2.03	0.0098	2.45	0.0534	2.82	0.6358	-1327.69675	117.8
s.lin.c.23.1.000-011	Ox1-AA-s	-1025.89974	1.67	0.0445	2.45	0.0000	2.90	0.0015	-1327.69625	118.1
s.lin.t.24.1.000-011	Ox1-AB-s	-1025.89930	1.60	0.1620	2.50	0.0001	2.78	0.0391	-1327.69580	118.4
s.lin.t.22.1.101-000	Ox1-AA-s	-1025.89918	1.95	0.0586	2.81	1.1386	3.02	0.0694	-1327.69568	118.5
z.lin.t.23.1.001-001	Ox1-AA-z	-1025.89894	1.70	0.2704	2.38	0.0023	2.77	0.8346	-1327.69544	118.6
s.lin.t.34.1.000-011	Ox1-AB-s	-1025.89889	1.67	0.0982	2.44	0.0014	2.84	0.0096	-1327.69539	118.7
s.lin.t.23.1.000-011	Ox1-AA-s	-1025.89884	1.70	0.0422	2.45	0.0001	2.91	0.0029	-1327.69534	118.7
s.cyc.17.23.0.x00-000	Ox0-CX-s	-1025.89877	3.95	0.0174	4.37	0.2710	4.62	0.6126	-1327.69217	120.7
s.lin.c.34.1.000-011	Ox1-AB-s	-1025.89865	1.67	0.1018	2.53	0.0000	2.73	0.0167	-1327.69516	118.8
s.lin.t.27.1.011-000	Ox1-AB-s	-1025.89836	1.96	0.0728	2.48	0.0001	2.94	0.1001	-1327.69486	119.0
s.lin.t.33.1.011-000	Ox1-AA-s	-1025.89828	1.64	0.0353	2.47	0.0000	2.91	0.0027	-1327.69479	119.0
s.cyc.17.32.0.x00-000	Ox0-CX-s	-1025.89798	3.70	0.1444	4.12	0.3043	4.30	0.5877	-1327.69138	121.2
s.lin.t.37.1.000-011	Ox1-AB-s	-1025.89798	1.66	0.0754	2.43	0.0018	2.85	0.0105	-1327.69448	119.2
s.lin.c.37.1.000-011	Ox1-AB-s	-1025.89770	1.65	0.0810	2.50	0.0002	2.74	0.0154	-1327.69421	119.4
s.lin.t.27.1.000-011	Ox1-AB-s	-1025.89736	1.63	0.1144	2.50	0.0000	2.82	0.0306	-1327.69387	119.6
s.lin.c.33.1.011-000	Ox1-AA-s	-1025.89709	1.75	0.0397	2.47	0.0002	2.85	0.0019	-1327.69359	119.8
s.lin.t.23.1.000-101	Ox1-AA-s	-1025.89679	1.88	0.4316	2.90	0.3602	2.92	0.2017	-1327.69330	120.0
s.lin.c.77.1.011-000	Ox1-BB-s	-1025.89656	1.76	0.0574	2.51	0.0044	2.63	0.0023	-1327.69307	120.1
s.lin.c.47.1.011-000	Ox1-BB-s	-1025.89624	1.67	0.0721	2.42	0.0027	2.54	0.0037	-1327.69274	120.3
s.lin.t.34.1.011-000	Ox1-AB-s	-1025.89538	1.81	0.0372	2.46	0.0001	2.85	0.0046	-1327.69189	120.9
s.lin.t.47.1.000-011	Ox1-BB-s	-1025.89528	1.81	0.0657	2.42	0.0004	2.72	0.0022	-1327.69179	120.9
s.lin.c.47.1.000-011	Ox1-BB-s	-1025.89512	1.82	0.0655	2.46	0.0004	2.68	0.0027	-1327.69163	121.0
s.lin.c.44.1.011-000	Ox1-BB-s	-1025.89507	1.83	0.0737	2.45	0.0005	2.59	0.0020	-1327.69157	121.1
z.lin.c.23.1.001-001	Ox1-AA-z	-1025.89503	1.55	0.1750	2.26	0.0054	2.66	0.8515	-1327.69154	121.1
s.lin.t.44.1.011-000	Ox1-BB-s	-1025.89500	1.82	0.0745	2.39	0.0002	2.63	0.0027	-1327.69151	121.1
s.lin.c.33.1.101-000	Ox1-AA-s	-1025.89495	1.95	0.2660	2.96	0.1858	3.07	0.1416	-1327.69146	121.1
s.lin.t.37.1.011-000	Ox1-AB-s	-1025.89494	1.86	0.0405	2.44	0.0001	2.77	0.0044	-1327.69145	121.1
s.lin.c.37.1.011-000	Ox1-AB-s	-1025.89490	1.89	0.0426	2.44	0.0001	2.75	0.0007	-1327.69140	121.2
s.lin.t.33.1.101-000	Ox1-AA-s	-1025.89487	1.86	0.2492	2.87	0.1175	3.03	0.1618	-1327.69138	121.2
s.lin.c.23.1.000-101	Ox1-AA-s	-1025.89474	1.81	0.3586	2.81	0.2240	2.93	0.2380	-1327.69125	121.3
s.lin.c.34.1.011-000	Ox1-AB-s	-1025.89468	1.80	0.0385	2.46	0.0002	2.84	0.0036	-1327.69119	121.3
s.lin.t.77.1.011-000	Ox1-BB-s	-1025.89456	1.86	0.0633	2.42	0.0006	2.68	0.0006	-1327.69107	121.4
s.lin.t.47.1.011-000	Ox1-BB-s	-1025.89450	1.81	0.0764	2.35	0.0001	2.58	0.0011	-1327.69101	121.4
s.lin.t.27.1.000-101	Ox1-AB-s	-1025.89382	1.81	0.1344	2.48	0.3424	2.64	0.0111	-1327.69033	121.8
s.cyc.12.43.0.x00-000	Ox0-CX-s	-1025.89378	3.95	0.7124	4.10	0.0146	4.51	0.2377	-1327.68718	123.8
s.lin.t.27.1.101-000	Ox1-AB-s	-1025.89362	2.05	0.0011	2.70	0.0729	2.82	0.5469	-1327.69013	122.0
d.lin.c.22.1.100-001	Ox1-AA-d	-1025.89315	2.03	0.0112	2.38	0.3822	2.61	1.5258	-1327.68966	122.3
d.lin.t.33.1.100-100	Ox1-AA-d	-1025.89278	2.55	0.1167	2.66	0.0000	3.26	0.7266	-1327.68929	122.5
s.lin.t.24.1.101-000	Ox1-AB-s	-1025.89239	2.06	0.0036	2.69	0.0581	2.85	0.5573	-1327.68890	122.7
d.lin.c.33.1.100-100	Ox1-AA-d	-1025.89221	2.69	0.0059	2.70	0.1351	3.32	0.6518	-1327.68871	122.9
d.lin.t.22.1.100-001	Ox1-AA-d	-1025.89137	2.01	0.0162	2.38	0.3474	2.61	1.5728	-1327.68788	123.4
s.lin.c.27.1.000-101	Ox1-AB-s	-1025.89025	1.79	0.1201	2.35	0.2532	2.70	0.1039	-1327.68676	124.1
s.cyc.12.34.0.x00-000	Ox0-CX-s	-1025.89022	3.74	0.5671	3.94	0.0994	4.24	0.3529	-1327.68362	126.0
s.lin.c.23.1.110-000	Ox1-AA-s	-1025.89019	1.77	0.0770	3.06	0.4292	3.26	0.2546	-1327.68670	124.1
s.lin.c.24.1.101-000	Ox1-AB-s	-1025.88926	2.09	0.0009	2.73	0.0366	2.83	0.4712	-1327.68577	124.7
s.lin.t.22.1.110-000	Ox1-AA-s	-1025.88882	1.77	0.1132	2.95	0.7478	3.11	0.1026	-1327.68533	125.0
d.lin.c.37.1.100-001	Ox1-AB-d	-1025.88876	1.91	0.1716	2.34	0.0136	2.88	0.2935	-1327.68527	125.0
z.lin.t.23.1.001-010	Ox1-AA-z	-1025.88865	1.59	0.0487	2.40	0.0057	2.70	1.0536	-1327.68516	125.1
s.lin.c.34.1.101-000	Ox1-AB-s	-1025.88864	2.03	0.1486	2.67	0.0173	2.73	0.1040	-1327.68515	125.1
s.lin.c.24.1.000-101	Ox1-AB-s	-1025.88860	1.88	0.0604	2.84	0.0767	3.05	0.0687	-1327.68511	125.1
d.lin.t.37.1.100-001	Ox1-AB-d	-1025.88854	1.89	0.1416	2.32	0.0139	2.89	0.3897	-1327.68505	125.2
s.lin.t.34.1.101-000	Ox1-AB-s	-1025.88852	2.00	0.1614	2.64	0.0185	2.75	0.1340	-1327.68503	125.2
s.lin.t.37.1.000-101	Ox1-AB-s	-1025.88834	1.95	0.0414	2.51	0.1539	2.84	0.0328	-1327.68485	125.3
s.lin.c.37.1.000-101	Ox1-AB-s	-1025.88797	1.97	0.0530	2.53	0.1644	2.83	0.0199	-1327.68448	125.5
s.lin.c.22.1.110-000	Ox1-AA-s	-1025.88779	1.69	0.1065	2.95	0.6850	3.07	0.0973	-1327.68430	125.6
z.lin.c.24.1.001-001	Ox1-AB-z	-1025.88762	1.31	0.0307	2.16	0.0031	2.51	0.8678	-1327.68413	125.7
s.lin.c.27.1.110-000	Ox1-AB-s	-1025.88748	1.76	0.0492	2.55	0.0199	2.95	0.4181	-1327.68398	125.8
z.lin.t.22.1.010-001	Ox1-AA-z	-1025.88692	1.50	0.3199	2.30	0.3361	2.55	1.3662	-1327.68343	126.2
s.lin.t.24.1.000-101	Ox1-AB-s	-1025.88690	1.88	0.0530	2.88	0.0914	3.03	0.0310	-1327.68341	126.2
s.lin.t.34.1.000-101	Ox1-AB-s	-1025.88684	1.92	0.0301	2.81	0.0439	3.04	0.0225	-1327.68334	126.2
s.lin.t.37.1.101-000	Ox1-AB-s	-1025.88671	2.03	0.1344	2.54	0.0174	2.78	0.1070	-1327.68322	126.3
s.lin.t.23.1.110-000	Ox1-AA-s	-1025.88652	1.61	0.0729	3.03	0.1918	3.16	0.3639	-1327.68303	126.4
d.lin.t.77.1.001-001	Ox1-BB-d	-1025.88644	1.33	0.1768	1.75	0.0008	2.38	0.1511	-1327.68295	126.5
z.lin.c.22.1.010-001	Ox1-AA-z	-1025.88643	1.49	0.2408	2.41	0.0953	2.54	1.6781	-1327.68293	126.5
s.lin.t.77.1.101-000	Ox1-BB-s	-1025.88626	1.98	0.0280	2.26	0.0151	2.46	0.0898	-1327.68277	126.6
s.lin.c.37.1.101-000	Ox1-AB-s	-1025.88621	2.05	0.1294	2.69	0.0344	2.75	0.0837	-1327.68271	126.6
d.lin.t.34.1.100-010	Ox1-AB-d	-1025.88572	2.02	0.1075	2.48	0.0191	3.03	0.2890	-1327.68223	126.9
s.lin.c.34.1.000-101	Ox1-AB-s	-1025.88572	1.94	0.0325	2.74	0.0312	2.96	0.0039	-1327.68222	126.9
d.lin.t.27.1.100-001	Ox1-AB-d	-1025.88550	1.68	0.1845	1.74	0.0523	2.71	0.5368	-1327.68201	127.1
z.lin.t.24.1.001-001	Ox1-AB-z	-1025.88547	1.29	0.0203	2.20	0.0124	2.52	0.9156	-1327.68198	127.1
z.lin.c.23.1.001-010	Ox1-AA-z	-1025.88543	1.48	0.0797	2.24	0.0327	2.61	0.9421	-1327.68194	127.1
s.lin.c.47.1.101-000	Ox1-BB-s	-1025.88524	2.19	0.0263	2.68	0.0167	2.78	0.0092	-1327.68175	127.2
d.lin.c.34.1.100-010	Ox1-AB-d	-1025.88408	2.09	0.1262	2.62	0.0236	3.15	0.2130	-1327.68059	127.9
s.cyc.12.71.0.x00-x00	Ox0-CX-s	-1025.88391	4.02	0.6076	4.37	0.0110	4.64	0.1313	-1327.67731	130.0
s.lin.t.44.1.101-000	Ox1-BB-s	-1025.88334	2.11	0.0261	2.69	0.0046	2.76	0.0164	-1327.67985	128.4
s.cyc.17.17.0.x00-x00	Ox0-CX-s	-1025.88317	3.49	0.3247	4.16	0.0117	4.46	0.2315	-1327.67657	130.5
s.lin.c.47.1.000-101	Ox1-BB-s	-1025.88312	2.12	0.0216	2.44	0.0288	2.54	0.0158	-1327.67963	128.6
z.lin.c.27.1.001-010	Ox1-AB-z	-1025.88307	1.32	0.0119	2.15	0.0139	2.39	0.7723	-1327.67958	128.6
s.lin.c.44.1.101-000	Ox1-BB-s	-1025.88293	2.10	0.0274	2.68	0.0133	2.72	0.0018	-1327.67944	128.7
s.lin.t.47.1.000-101	Ox1-BB-s	-1025.88267	2.11	0.0201	2.43	0.0256	2.54	0.0210	-1327.67918	128.8
d.lin.c.77.1.100-001	Ox1-BB-d	-1025.88256	1.99	0.0164	2.38	0.0401	2.44	0.0365	-1327.67907	128.9
s.lin.t.47.1.101-000	Ox1-BB-s	-1025.88249	2.14	0.0258	2.59	0.0038	2.83	0.0195	-1327.67899	129.0
s.lin.t.27.1.110-000	Ox1-AB-s	-1025.88213	1.80	0.0377	2.76	0.0159	2.94	0.3039	-1327.67864	129.2
s.lin.c.23.1.000-110	Ox1-AA-s	-1025.88168	1.60	0.1161	2.85	0.0434	3.03	0.0363	-1327.67819	129.5
d.lin.c.47.1.010-001	Ox1-BB-d	-1025.88164	1.41	0.1611	1.94	0.0147	2.54	0.1254	-1327.67815	129.5
s.lin.c.24.1.000-110	Ox1-AB-s	-1025.88136	1.70	0.1239	2.47	0.2031	2.73	0.0992	-1327.67787	129.7
z.lin.c.37.1.001-001	Ox1-AB-z	-1025.88127	1.32	0.2435	1.84	0.0264	2.57	0.2015	-1327.67777	129.7
d.lin.c.44.1.010-010	Ox1-BB-d	-1025.88118	1.47	0.1460	1.93	0.0164	2.60	0.1289	-1327.67769	129.8
d.lin.t.23.1.100-100	Ox1-AA-d	-1025.88072	1.99	0.0063	2.44	0.1296	3.02	1.1298	-1327.67722	130.1
d.lin.t.47.1.010-001	Ox1-BB-d	-1025.88071	1.51	0.1522	1.88	0.0123	2.58	0.1446	-1327.67721	130.1
s.lin.c.34.1.000-110	Ox1-AB-s	-1025.88060	1.85	0.0687	2.58	0.1110	2.87	0.0200	-1327.67711	130.1
s.lin.t.33.1.110-000	Ox1-AA-s	-1025.88059	1.61	0.0775	2.89	0.0225	3.08	0.0156	-1327.67710	130.1
s.lin.t.34.1.000-110	Ox1-AB-s	-1025.88051	1.83	0.0570	2.56	0.0972	2.84	0.0282	-1327.67702	130.2
s.lin.t.24.1.000-110	Ox1-AB-s	-1025.88038	1.77	0.1277	2.58	0.2582	2.77	0.0394	-1327.67689	130.3
d.lin.c.77.1.001-001	Ox1-BB-d	-1025.88021	1.33	0.1777	1.95	0.0075	2.45	0.1091	-1327.67672	130.4
s.lin.t.23.1.000-110	Ox1-AA-s	-1025.88011	1.64	0.0934	2.83	0.0325	3.00	0.0263	-1327.67661	130.4
s.lin.t.24.1.110-000	Ox1-AB-s	-1025.87966	1.77	0.0407	2.78	0.0314	2.98	0.3161	-1327.67617	130.7
d.lin.c.23.1.100-100	Ox1-AA-d	-1025.87921	1.97	0.0054	2.44	0.1216	3.02	1.1680	-1327.67572	131.0
z.lin.c.33.1.100-001	Ox1-AA-z	-1025.87905	1.62	0.2100	2.26	0.0537	2.91	0.4117	-1327.67556	131.1
z.lin.c.24.1.010-010	Ox1-AB-z	-1025.87864	1.22	0.1498	1.78	0.0979	2.74	0.7424	-1327.67515	131.4
s.lin.t.27.1.000-110	Ox1-AB-s	-1025.87861	1.80	0.0256	2.83	0.1477	2.95	0.0078	-1327.67512	131.4
s.lin.c.33.1.110-000	Ox1-AA-s	-1025.87833	1.70	0.0549	2.77	0.0124	2.92	0.0037	-1327.67484	131.6
s.lin.c.24.1.110-000	Ox1-AB-s	-1025.87773	1.88	0.0190	2.81	0.0165	2.93	0.2721	-1327.67423	131.9
z.lin.t.37.1.001-001	Ox1-AB-z	-1025.87764	1.20	0.2063	1.69	0.0394	2.42	0.2307	-1327.67415	132.0
z.lin.t.33.1.100-001	Ox1-AA-z	-1025.87747	1.45	0.1809	2.12	0.0219	2.78	0.4418	-1327.67397	132.1
z.lin.c.27.1.010-001	Ox1-AB-z	-1025.87745	1.20	0.1801	1.80	0.1490	2.72	0.6212	-1327.67396	132.1
z.lin.c.23.1.010-100	Ox1-AA-z	-1025.87741	1.41	0.1645	2.33	0.1283	2.86	1.0808	-1327.67392	132.1
z.lin.c.34.1.001-010	Ox1-AB-z	-1025.87736	1.44	0.2413	1.88	0.0242	2.73	0.1934	-1327.67387	132.2
z.lin.t.23.1.010-100	Ox1-AA-z	-1025.87736	1.38	0.1295	2.38	0.0949	2.90	1.1389	-1327.67387	132.2
d.lin.t.27.1.001-100	Ox1-AB-d	-1025.87732	1.96	0.2812	2.17	0.4951	2.21	0.0149	-1327.67383	132.2
s.lin.t.37.1.000-110	Ox1-AB-s	-1025.87643	1.88	0.0094	2.74	0.0543	3.05	0.0174	-1327.67293	132.8
s.lin.c.37.1.000-110	Ox1-AB-s	-1025.87601	1.92	0.0097	2.72	0.0292	2.98	0.0041	-1327.67252	133.0
s.lin.t.34.1.110-000	Ox1-AB-s	-1025.87579	1.81	0.0450	2.66	0.0034	2.79	0.0113	-1327.67229	133.2
d.lin.t.24.1.100-010	Ox1-AB-d	-1025.87549	1.77	0.1005	1.83	0.1024	2.89	0.6548	-1327.67200	133.3
s.lin.c.37.1.110-000	Ox1-AB-s	-1025.87529	1.89	0.0430	2.54	0.0016	2.73	0.0050	-1327.67179	133.5
s.lin.t.77.1.110-000	Ox1-BB-s	-1025.87523	1.99	0.0081	2.57	0.0033	2.75	0.0434	-1327.67174	133.5
z.lin.t.27.1.010-001	Ox1-AB-z	-1025.87514	1.20	0.1820	1.75	0.1617	2.70	0.5624	-1327.67165	133.6
s.lin.t.37.1.110-000	Ox1-AB-s	-1025.87511	1.84	0.0433	2.57	0.0023	2.81	0.0098	-1327.67162	133.6
s.lin.c.34.1.110-000	Ox1-AB-s	-1025.87495	1.81	0.0421	2.67	0.0047	2.70	0.0045	-1327.67146	133.7
z.lin.t.34.1.001-010	Ox1-AB-z	-1025.87483	1.32	0.1940	1.72	0.0272	2.56	0.2004	-1327.67134	133.8
s.lin.c.44.1.110-000	Ox1-BB-s	-1025.87481	1.99	0.0264	2.43	0.0190	2.53	0.0147	-1327.67131	133.8
s.lin.t.44.1.110-000	Ox1-BB-s	-1025.87445	1.97	0.0253	2.42	0.0137	2.53	0.0206	-1327.67096	134.0
s.lin.c.27.1.000-110	Ox1-AB-s	-1025.87420	1.88	0.0147	2.77	0.1030	3.11	0.0206	-1327.67070	134.2
s.lin.c.47.1.110-000	Ox1-BB-s	-1025.87406	1.84	0.0227	2.35	0.0149	2.43	0.0317	-1327.67056	134.2
d.lin.c.24.1.001-100	Ox1-AB-d	-1025.87400	1.80	0.3860	2.17	0.1110	2.36	0.3758	-1327.67051	134.3
z.lin.t.24.1.010-010	Ox1-AB-z	-1025.87382	1.28	0.1521	1.80	0.1507	2.82	0.6697	-1327.67033	134.4
s.lin.c.47.1.000-110	Ox1-BB-s	-1025.87349	2.04	0.0095	2.74	0.0179	2.84	0.0103	-1327.67000	134.6
s.lin.t.47.1.000-110	Ox1-BB-s	-1025.87329	2.02	0.0102	2.70	0.0060	2.78	0.0113	-1327.66980	134.7
d.lin.t.24.1.001-100	Ox1-AB-d	-1025.87319	1.77	0.2556	2.27	0.3544	2.32	0.2612	-1327.66970	134.8
s.lin.t.47.1.110-000	Ox1-BB-s	-1025.87302	1.94	0.0257	2.30	0.0076	2.55	0.0278	-1327.66953	134.9
s.lin.c.77.1.110-000	Ox1-BB-s	-1025.87239	2.07	0.0120	2.59	0.0020	2.82	0.0042	-1327.66890	135.3
d.lin.c.27.1.100-001	Ox1-AB-d	-1025.87215	1.69	0.0879	1.78	0.1705	2.70	0.1416	-1327.66865	135.4
z.lin.c.23.1.010-001	Ox1-AA-z	-1025.87136	1.36	0.2615	1.61	0.0054	2.64	0.3949	-1327.66787	135.9
d.lin.t.44.1.010-010	Ox1-BB-d	-1025.87128	1.50	0.1519	1.90	0.0021	2.53	0.0689	-1327.66778	136.0
z.lin.c.33.1.001-001	Ox1-AA-z	-1025.87076	1.25	0.4180	1.56	0.0187	2.57	0.2729	-1327.66727	136.3
d.lin.c.27.1.001-100	Ox1-AB-d	-1025.87068	1.95	0.5336	2.08	0.0145	2.30	0.2967	-1327.66719	136.4
z.lin.c.37.1.010-001	Ox1-AB-z	-1025.86928	1.17	0.0252	1.71	0.1727	2.50	0.2009	-1327.66579	137.2
z.lin.t.23.1.100-001	Ox1-AA-z	-1025.86922	1.40	0.2921	1.60	0.0315	2.66	0.6431	-1327.66573	137.3
d.lin.c.24.1.100-010	Ox1-AB-d	-1025.86895	1.90	0.1390	1.97	0.0774	2.82	0.0152	-1327.66546	137.4
z.lin.t.23.1.010-001	Ox1-AA-z	-1025.86790	1.14	0.2004	1.61	0.0057	2.61	0.3721	-1327.66440	138.1
z.lin.c.23.1.100-001	Ox1-AA-z	-1025.86747	1.38	0.2604	1.61	0.0576	2.68	0.6584	-1327.66397	138.4
z.lin.c.24.1.010-001	Ox1-AB-z	-1025.86695	1.32	0.0203	1.53	0.0950	2.60	0.3251	-1327.66346	138.7
z.lin.c.33.1.100-010	Ox1-AA-z	-1025.86685	1.44	0.0375	2.25	0.0749	2.88	0.5310	-1327.66336	138.8
z.lin.t.33.1.100-010	Ox1-AA-z	-1025.86685	1.34	0.0634	2.12	0.0775	2.75	0.5208	-1327.66336	138.8
z.lin.t.47.1.001-001	Ox1-BB-z	-1025.86654	0.87	0.0081	1.56	0.1192	2.15	0.0749	-1327.66304	139.0
z.lin.t.33.1.001-001	Ox1-AA-z	-1025.86590	0.92	0.2977	1.35	0.0005	2.31	0.2309	-1327.66240	139.4
z.lin.c.34.1.010-010	Ox1-AB-z	-1025.86474	1.31	0.0275	1.78	0.1643	2.67	0.1954	-1327.66125	140.1
z.lin.c.47.1.001-001	Ox1-BB-z	-1025.86472	0.78	0.0029	1.51	0.1204	2.07	0.0552	-1327.66123	140.1
z.lin.c.22.1.100-010	Ox1-AA-z	-1025.86450	1.24	0.2210	1.79	0.0071	2.64	1.6254	-1327.66101	140.2
d.lin.t.22.1.100-100	Ox1-AA-d	-1025.86412	1.73	0.0107	1.90	0.0000	2.79	1.8874	-1327.66063	140.5
z.lin.c.34.1.001-001	Ox1-AB-z	-1025.86328	0.93	0.0026	1.47	0.1777	2.21	0.0360	-1327.65979	141.0
z.lin.c.27.1.010-010	Ox1-AB-z	-1025.86325	1.35	0.0061	1.54	0.1109	2.47	0.2681	-1327.65975	141.0
z.lin.t.34.1.001-001	Ox1-AB-z	-1025.86317	0.90	0.0042	1.46	0.1757	2.18	0.0351	-1327.65968	141.1
z.lin.t.22.1.100-010	Ox1-AA-z	-1025.86315	1.26	0.2327	1.77	0.0232	2.64	1.6161	-1327.65965	141.1
z.lin.t.24.1.010-001	Ox1-AB-z	-1025.86306	1.27	0.0122	1.50	0.0994	2.55	0.2586	-1327.65957	141.1
z.lin.t.34.1.010-010	Ox1-AB-z	-1025.86266	1.22	0.0648	1.69	0.1229	2.58	0.2072	-1327.65917	141.4
d.lin.c.22.1.100-100	Ox1-AA-d	-1025.86221	1.74	0.0062	1.90	0.0159	2.79	1.8832	-1327.65871	141.7
z.lin.t.27.1.001-010	Ox1-AB-z	-1025.86125	1.00	0.0319	2.15	0.0416	2.21	0.6743	-1327.65776	142.3
z.lin.c.23.1.010-010	Ox1-AA-z	-1025.86050	1.28	0.1228	1.51	0.0775	2.59	0.4799	-1327.65701	142.7
z.lin.t.77.1.010-001	Ox1-BB-z	-1025.86038	0.94	0.0031	1.57	0.1462	2.19	0.0693	-1327.65689	142.8
z.lin.t.22.1.010-010	Ox1-AA-z	-1025.86027	1.14	0.4172	1.39	0.0000	2.55	1.5181	-1327.65678	142.9
z.lin.c.47.1.010-010	Ox1-BB-z	-1025.85949	0.74	0.0111	1.56	0.0084	1.98	0.0209	-1327.65599	143.4
z.lin.c.77.1.010-001	Ox1-BB-z	-1025.85940	0.70	0.0112	1.65	0.0116	2.04	0.0185	-1327.65591	143.4
z.lin.c.44.1.010-001	Ox1-BB-z	-1025.85904	0.88	0.0033	1.56	0.1535	2.22	0.0158	-1327.65555	143.7
z.lin.t.44.1.001-001	Ox1-BB-z	-1025.85838	0.84	0.0018	1.44	0.0112	1.98	0.0489	-1327.65489	144.1
z.lin.c.22.1.010-010	Ox1-AA-z	-1025.85804	1.22	0.4351	1.26	0.0001	2.59	1.5199	-1327.65454	144.3
z.lin.c.47.1.001-010	Ox1-BB-z	-1025.85800	1.13	0.0040	1.64	0.0077	2.23	0.0216	-1327.65451	144.3
z.lin.c.44.1.001-001	Ox1-BB-z	-1025.85790	0.84	0.0014	1.43	0.0110	1.94	0.0463	-1327.65441	144.4
z.lin.t.23.1.010-010	Ox1-AA-z	-1025.85772	1.19	0.1838	1.36	0.0107	2.60	0.4093	-1327.65423	144.5
z.lin.c.33.1.010-001	Ox1-AA-z	-1025.85742	1.06	0.0428	1.44	0.2615	2.50	0.2078	-1327.65393	144.7
z.lin.t.33.1.010-001	Ox1-AA-z	-1025.85725	0.96	0.1029	1.34	0.1870	2.32	0.0728	-1327.65376	144.8
z.lin.c.37.1.001-010	Ox1-AB-z	-1025.85678	1.04	0.0033	1.65	0.0096	2.17	0.0195	-1327.65328	145.1
z.lin.t.23.1.100-010	Ox1-AA-z	-1025.85666	1.23	0.0428	1.60	0.0062	2.62	0.8808	-1327.65317	145.2
z.lin.t.47.1.001-010	Ox1-BB-z	-1025.85573	1.02	0.0034	1.58	0.0057	2.15	0.0320	-1327.65224	145.7
s.lin.c.77.1.101-000	Ox1-BB-s	-1025.85563	1.41	0.2100	1.58	0.0075	2.11	0.1050	-1327.65214	145.8
z.lin.t.34.1.010-001	Ox1-AB-z	-1025.85556	1.03	0.0031	1.44	0.0636	2.28	0.0014	-1327.65207	145.8
z.lin.c.23.1.100-010	Ox1-AA-z	-1025.85528	1.23	0.0426	1.57	0.0019	2.63	0.8966	-1327.65179	146.0
z.lin.t.77.1.010-010	Ox1-BB-z	-1025.85474	0.92	0.0048	1.41	0.0049	2.03	0.0280	-1327.65124	146.4
z.lin.c.34.1.010-001	Ox1-AB-z	-1025.85472	1.01	0.0007	1.46	0.0533	2.19	0.0051	-1327.65122	146.4
z.lin.t.27.1.010-100	Ox1-AB-z	-1025.85429	1.33	0.1234	2.00	0.0148	2.29	0.0956	-1327.65079	146.6
d.lin.t.34.1.100-100	Ox1-AB-d	-1025.85340	1.75	0.1761	2.20	0.0625	2.52	0.3324	-1327.64990	147.2
z.lin.c.77.1.010-010	Ox1-BB-z	-1025.85324	1.16	0.0048	1.59	0.0067	2.16	0.0230	-1327.64975	147.3
d.lin.c.27.1.100-100	Ox1-AB-d	-1025.85233	1.31	0.0353	1.62	0.0143	2.20	0.7271	-1327.64884	147.9
d.lin.c.34.1.100-100	Ox1-AB-d	-1025.85227	1.74	0.1263	2.15	0.0590	2.47	0.2632	-1327.64877	147.9
z.lin.t.27.1.100-010	Ox1-AB-z	-1025.85117	1.17	0.0278	1.65	0.0020	2.44	0.0931	-1327.64767	148.6
z.lin.t.24.1.100-001	Ox1-AB-z	-1025.85056	0.93	0.0116	1.34	0.0103	2.45	0.8181	-1327.64707	149.0
z.lin.c.27.1.010-100	Ox1-AB-z	-1025.84989	1.34	0.1957	1.72	0.0052	2.13	0.2441	-1327.64639	149.4
d.lin.c.47.1.100-001	Ox1-BB-d	-1025.84912	1.28	0.1726	1.44	0.0756	2.08	0.0362	-1327.64563	149.9
z.lin.t.33.1.010-010	Ox1-AA-z	-1025.84887	1.11	0.0834	1.35	0.0604	2.41	0.0146	-1327.64538	150.0
s.cyc.12.17.0.x00-x00	Ox0-CX-s	-1025.84883	3.84	0.5445	4.23	0.1938	4.27	0.2159	-1327.64223	152.0
z.lin.c.24.1.010-100	Ox1-AB-z	-1025.84869	1.28	0.2429	1.74	0.0303	2.15	0.2329	-1327.64520	150.2
d.lin.t.37.1.100-100	Ox1-AB-d	-1025.84868	1.78	0.0793	2.08	0.1543	2.41	0.3386	-1327.64519	150.2
d.lin.c.37.1.100-100	Ox1-AB-d	-1025.84822	1.81	0.0686	2.13	0.0664	2.45	0.3920	-1327.64473	150.5
d.lin.t.47.1.100-001	Ox1-BB-d	-1025.84820	1.17	0.2069	1.53	0.0130	2.11	0.0636	-1327.64470	150.5
z.lin.t.34.1.100-001	Ox1-AB-z	-1025.84715	0.87	0.0645	1.79	0.0010	2.26	0.1697	-1327.64366	151.1
z.lin.c.33.1.010-010	Ox1-AA-z	-1025.84575	0.89	0.0200	1.39	0.0644	2.26	0.0009	-1327.64226	152.0
z.lin.t.24.1.010-100	Ox1-AB-z	-1025.84549	1.20	0.2089	1.69	0.0063	2.18	0.1377	-1327.64199	152.2
z.lin.t.34.1.001-100	Ox1-AB-z	-1025.84542	1.11	0.2747	1.37	0.0232	2.03	0.0177	-1327.64193	152.2
z.lin.t.37.1.010-010	Ox1-AB-z	-1025.84539	1.00	0.0083	1.42	0.0072	2.22	0.0445	-1327.64190	152.2
z.lin.t.37.1.001-100	Ox1-AB-z	-1025.84529	1.19	0.2224	1.39	0.0126	2.08	0.0166	-1327.64180	152.3
z.lin.c.34.1.100-001	Ox1-AB-z	-1025.84525	0.85	0.0348	1.66	0.0005	2.13	0.0714	-1327.64176	152.3
z.lin.c.34.1.001-100	Ox1-AB-z	-1025.84517	1.12	0.2185	1.38	0.0445	2.02	0.0363	-1327.64167	152.4
z.lin.c.24.1.100-001	Ox1-AB-z	-1025.84508	0.96	0.0107	1.34	0.0110	2.47	0.8162	-1327.64159	152.4
z.lin.c.37.1.010-010	Ox1-AB-z	-1025.84504	0.94	0.0005	1.47	0.0070	2.15	0.0240	-1327.64155	152.4
z.lin.t.37.1.100-010	Ox1-AB-z	-1025.84490	0.90	0.0246	1.73	0.0003	2.17	0.0833	-1327.64141	152.5
d.lin.t.24.1.100-100	Ox1-AB-d	-1025.84483	1.63	0.0265	1.65	0.1717	2.40	0.5841	-1327.64133	152.6
z.lin.t.27.1.010-010	Ox1-AB-z	-1025.84449	1.06	0.0131	1.64	0.0917	2.29	0.1351	-1327.64099	152.8
d.lin.t.77.1.100-001	Ox1-BB-d	-1025.84426	1.22	0.1941	1.48	0.0081	2.11	0.0500	-1327.64076	152.9
d.lin.c.44.1.100-010	Ox1-BB-d	-1025.84349	1.41	0.2007	1.57	0.0694	2.19	0.0351	-1327.64000	153.4
z.lin.c.27.1.100-010	Ox1-AB-z	-1025.84333	0.98	0.0132	1.32	0.0015	2.17	0.0553	-1327.63983	153.5
z.lin.c.37.1.001-100	Ox1-AB-z	-1025.84280	1.21	0.2200	1.51	0.0039	2.00	0.0342	-1327.63931	153.9
d.lin.c.47.1.010-100	Ox1-BB-d	-1025.84279	1.32	0.1681	1.37	0.0006	1.92	0.1151	-1327.63929	153.9
d.lin.t.44.1.100-010	Ox1-BB-d	-1025.84112	1.22	0.1981	1.50	0.0156	2.11	0.0313	-1327.63763	154.9
z.lin.c.47.1.001-100	Ox1-BB-z	-1025.83965	0.98	0.0149	1.28	0.0034	1.94	0.0413	-1327.63615	155.8
d.lin.t.47.1.010-100	Ox1-BB-d	-1025.83874	1.31	0.2068	1.40	0.0093	2.19	0.0218	-1327.63524	156.4
z.lin.t.44.1.100-001	Ox1-BB-z	-1025.83833	0.94	0.0088	1.24	0.0009	1.84	0.0525	-1327.63483	156.7
d.lin.c.24.1.100-100	Ox1-AB-d	-1025.83822	1.58	0.1236	1.66	0.0738	2.40	0.5867	-1327.63472	156.7
z.lin.c.44.1.100-001	Ox1-BB-z	-1025.83805	0.90	0.0049	1.24	0.0017	1.80	0.0471	-1327.63456	156.8
z.lin.c.47.1.100-010	Ox1-BB-z	-1025.83748	1.11	0.0022	1.58	0.0034	1.97	0.0194	-1327.63399	157.2
z.lin.t.47.1.100-010	Ox1-BB-z	-1025.83702	1.15	0.0097	1.47	0.0035	1.98	0.0386	-1327.63353	157.5
z.lin.t.77.1.100-010	Ox1-BB-z	-1025.83686	0.99	0.0010	1.31	0.0012	1.88	0.0245	-1327.63337	157.6
z.lin.t.47.1.001-100	Ox1-BB-z	-1025.83669	0.98	0.0030	1.27	0.0013	1.86	0.0524	-1327.63320	157.7
z.lin.c.34.1.010-100	Ox1-AB-z	-1025.83484	0.96	0.0288	1.42	0.0030	1.96	0.0259	-1327.63135	158.8
z.lin.t.37.1.010-100	Ox1-AB-z	-1025.83445	1.16	0.0724	1.51	0.0097	2.05	0.0031	-1327.63095	159.1
z.lin.c.37.1.010-100	Ox1-AB-z	-1025.83420	1.03	0.0319	1.40	0.0027	2.00	0.0266	-1327.63070	159.3
d.lin.t.27.1.100-100	Ox1-AB-d	-1025.83277	1.59	0.0192	1.76	0.0863	2.30	0.7258	-1327.62928	160.2
z.lin.t.34.1.010-100	Ox1-AB-z	-1025.83144	1.07	0.0391	1.53	0.1306	2.31	0.3043	-1327.62794	161.0
d.lin.c.44.1.100-100	Ox1-BB-d	-1025.81876	1.07	0.1767	1.54	0.0346	1.84	0.0118	-1327.61527	168.9
d.lin.t.44.1.100-100	Ox1-BB-d	-1025.81294	1.24	0.2381	1.37	0.0006	1.68	0.1437	-1327.60944	172.6
d.lin.c.47.1.100-100	Ox1-BB-d	-1025.81233	1.13	0.1320	1.39	0.1132	1.75	0.0284	-1327.60884	173.0
d.lin.t.47.1.100-100	Ox1-BB-d	-1025.80750	1.02	0.0113	1.19	0.2108	1.63	0.0590	-1327.60401	176.0
d.lin.t.77.1.100-100	Ox1-BB-d	-1025.80504	0.72	0.0201	1.00	0.0047	1.69	0.0148	-1327.60155	177.5
d.lin.c.77.1.100-100	Ox1-BB-d	-1025.79660	1.04	0.1068	1.23	0.0000	1.42	0.2028	-1327.59310	182.8
s.cyc.34.34.1.110-000	Ox1-C6-s	-1024.71611	1.79	0.0897	2.02	0.0389	2.98	0.0691	-1327.79452	56.5
d.cyc.34.43.1.010-100	Ox1-C6-d	-1024.71487	1.90	0.1198	2.44	0.0378	3.21	0.0641	-1327.79328	57.2
z.cyc.34.43.1.010-010	Ox1-C6-z	-1024.71395	1.37	0.1701	1.58	0.0000	2.91	0.0696	-1327.79236	57.8
d.cyc.34.34.1.010-010	Ox1-C6-d	-1024.71162	1.74	0.0750	1.76	0.0924	2.95	0.0001	-1327.79003	59.3
s.cyc.34.43.1.000-011	Ox1-C6-s	-1024.70996	1.31	0.1064	2.54	0.0000	2.80	0.0166	-1327.78837	60.3
s.cyc.34.34.1.011-000	Ox1-C6-s	-1024.70895	1.13	0.0810	2.36	0.0192	2.68	0.0000	-1327.78736	61.0
d.cyc.34.34.1.100-100	Ox1-C6-d	-1024.70799	2.59	0.0603	2.77	0.0611	3.37	0.0462	-1327.78640	61.6
s.cyc.34.34.1.101-000	Ox1-C6-s	-1024.70655	1.75	0.1910	2.65	0.0526	3.26	0.0426	-1327.78496	62.5
s.cyc.34.43.1.000-101	Ox1-C6-s	-1024.70416	1.63	0.1587	2.65	0.0606	3.27	0.1017	-1327.78257	64.0
z.cyc.34.43.1.001-010	Ox1-C6-z	-1024.70235	1.24	0.0889	1.50	0.0652	2.84	0.0696	-1327.78076	65.1
s.cyc.34.43.1.000-110	Ox1-C6-s	-1024.70066	1.27	0.0874	2.53	0.0520	2.96	0.0768	-1327.77907	66.2
d.cyc.34.43.1.100-100	Ox1-C6-d	-1024.69956	2.27	0.1058	2.42	0.0000	3.04	0.0873	-1327.77797	66.8
d.cyc.34.34.1.100-010	Ox1-C6-d	-1024.69630	1.67	0.1018	2.19	0.0319	3.04	0.0576	-1327.77471	68.9
z.cyc.34.34.1.100-001	Ox1-C6-z	-1024.69614	1.50	0.0723	2.08	0.0560	2.93	0.0760	-1327.77455	69.0
z.cyc.17.43.1.x01-010	Ox1-CX-z	-1024.69600	1.34	0.1441	1.64	0.0193	3.02	0.1154	-1327.77441	69.1
d.cyc.17.43.1.x01-100	Ox1-CX-d	-1024.69595	1.88	0.1099	2.45	0.0348	3.28	0.1036	-1327.77435	69.1
d.cyc.17.34.1.x01-010	Ox1-CX-d	-1024.69451	1.76	0.1160	1.79	0.0474	2.97	0.0001	-1327.77292	70.0
z.cyc.34.34.1.010-001	Ox1-C6-z	-1024.69437	0.89	0.0654	1.54	0.0447	3.00	0.0000	-1327.77277	70.1
s.cyc.17.43.1.x00-011	Ox1-CX-s	-1024.69288	1.32	0.0964	2.62	0.0000	2.71	0.0046	-1327.77129	71.0
s.cyc.17.34.1.x00-110	Ox1-CX-s	-1024.69283	1.39	0.0369	2.10	0.0136	3.11	0.0632	-1327.77124	71.1
s.cyc.17.34.1.x00-011	Ox1-CX-s	-1024.69163	1.17	0.0796	2.34	0.0128	2.67	0.0000	-1327.77004	71.8
s.cyc.17.34.1.x00-101	Ox1-CX-s	-1024.69109	1.86	0.1476	2.70	0.0274	3.49	0.0316	-1327.76950	72.2
z.cyc.34.43.1.001-100	Ox1-C6-z	-1024.69082	1.19	0.0477	2.03	0.0384	2.86	0.1561	-1327.76923	72.3
s.cyc.17.43.1.x00-101	Ox1-CX-s	-1024.68831	1.71	0.1468	2.62	0.0378	3.47	0.1120	-1327.76672	73.9
s.cyc.17.43.1.x11-000	Ox1-CX-s	-1024.68774	1.16	0.0590	2.47	0.0000	2.79	0.0043	-1327.76615	74.3
s.cyc.17.43.1.x00-110	Ox1-CX-s	-1024.68537	1.33	0.0758	2.45	0.0122	3.21	0.0982	-1327.76378	75.7
z.cyc.17.43.1.x01-001	Ox1-CX-z	-1024.68440	1.22	0.1022	1.57	0.0564	2.92	0.1099	-1327.76281	76.4
z.cyc.17.43.1.x10-010	Ox1-CX-z	-1024.68268	1.24	0.0786	1.51	0.1003	3.01	0.2524	-1327.76109	77.4
z.cyc.34.43.1.001-001	Ox1-C6-z	-1024.68180	0.86	0.0662	1.16	0.0466	2.68	0.1522	-1327.76021	78.0
s.cyc.34.45.1.011-0x0	Ox1-CX-s	-1024.68006	1.52	0.0710	2.65	0.0000	2.94	0.0039	-1327.75847	79.1
s.cyc.34.76.1.011-00x	Ox1-CX-s	-1024.67936	1.52	0.0723	2.64	0.0000	3.00	0.0028	-1327.75777	79.5
z.cyc.34.34.1.001-001	Ox1-C6-z	-1024.67817	1.06	0.1371	1.29	0.0075	2.83	0.0376	-1327.75658	80.3
d.cyc.17.34.1.x01-100	Ox1-CX-d	-1024.67757	1.55	0.0756	2.18	0.0202	3.18	0.0911	-1327.75598	80.6
s.cyc.17.34.1.x11-000	Ox1-CX-s	-1024.67660	1.20	0.0457	2.50	0.0003	2.69	0.0075	-1327.75501	81.3
z.cyc.17.34.1.x10-010	Ox1-CX-z	-1024.67564	0.95	0.0567	1.69	0.0496	2.93	0.0000	-1327.75405	81.9
z.cyc.17.71.1.x01-x01	Ox1-CX-z	-1024.67495	1.23	0.1300	1.75	0.0000	3.07	0.2262	-1327.75336	82.3
s.cyc.34.67.1.101-00x	Ox1-CX-s	-1024.67410	2.02	0.0837	2.90	0.0160	3.38	0.1178	-1327.75251	82.8
s.cyc.34.67.1.011-00x	Ox1-CX-s	-1024.67231	1.29	0.0733	2.55	0.0422	2.62	0.0000	-1327.75071	83.9
s.cyc.34.45.1.101-0x0	Ox1-CX-s	-1024.67126	1.69	0.1238	2.60	0.1116	3.42	0.1690	-1327.74967	84.6
s.cyc.34.45.1.110-0x0	Ox1-CX-s	-1024.67126	1.53	0.0729	2.62	0.0258	3.35	0.1469	-1327.74967	84.6
z.cyc.17.43.1.x10-100	Ox1-CX-z	-1024.67057	1.16	0.0294	2.09	0.0504	3.32	0.0000	-1327.74898	85.0
s.cyc.34.76.1.101-00x	Ox1-CX-s	-1024.67048	1.70	0.1228	2.68	0.0967	3.23	0.1327	-1327.74889	85.1
s.cyc.34.76.1.110-00x	Ox1-CX-s	-1024.67034	1.54	0.0728	2.68	0.0132	3.16	0.1429	-1327.74875	85.2
z.cyc.17.34.1.x01-001	Ox1-CX-z	-1024.66943	1.00	0.0340	1.55	0.0958	2.80	0.2336	-1327.74784	85.7
s.cyc.34.54.1.101-0x0	Ox1-CX-s	-1024.66875	1.98	0.0813	2.87	0.0232	3.63	0.1451	-1327.74716	86.2
s.cyc.34.54.1.011-0x0	Ox1-CX-s	-1024.66626	1.38	0.0795	2.57	0.0093	2.61	0.0419	-1327.74467	87.7
z.cyc.17.34.1.x10-100	Ox1-CX-z	-1024.66449	1.34	0.0947	2.29	0.0759	3.08	0.1170	-1327.74290	88.9
s.cyc.17.71.1.x00-x11	Ox1-CX-s	-1024.66417	1.16	0.0736	2.51	0.0000	2.88	0.0013	-1327.74258	89.1
d.cyc.23.43.1.001-010	Ox1-C5-d	-1024.66325	1.77	0.0437	1.88	0.1102	3.04	0.3628	-1327.74166	89.6
s.cyc.23.34.1.101-000	Ox1-C5-s	-1024.66280	1.87	0.0328	2.83	0.0193	3.37	0.0113	-1327.74121	89.9
z.cyc.17.71.1.x01-x10	Ox1-CX-z	-1024.66237	1.26	0.0875	1.63	0.0972	3.05	0.2939	-1327.74078	90.2
z.cyc.17.43.1.x10-001	Ox1-CX-z	-1024.66138	0.90	0.0549	1.29	0.0578	2.85	0.3599	-1327.73979	90.8
s.cyc.34.67.1.110-00x	Ox1-CX-s	-1024.66123	1.14	0.0413	2.28	0.0140	2.83	0.2304	-1327.73964	90.9
s.cyc.23.34.1.011-000	Ox1-C5-s	-1024.66106	1.63	0.0506	2.55	0.0000	2.98	0.0774	-1327.73947	91.0
s.cyc.23.43.1.101-000	Ox1-C5-s	-1024.66064	1.85	0.0523	2.80	0.0033	3.37	0.0084	-1327.73905	91.3
s.cyc.23.34.1.000-011	Ox1-C5-s	-1024.66035	1.68	0.0331	2.02	0.0703	2.56	0.0000	-1327.73876	91.4
s.cyc.17.23.1.x00-101	Ox1-CX-s	-1024.66031	1.90	0.0404	2.83	0.0216	3.44	0.0180	-1327.73872	91.5
s.cyc.23.43.1.000-011	Ox1-C5-s	-1024.66018	1.73	0.0210	1.97	0.0918	2.59	0.0000	-1327.73859	91.6
z.cyc.17.34.1.x10-001	Ox1-CX-z	-1024.65970	1.21	0.1545	1.32	0.0015	2.96	0.0000	-1327.73811	91.9
d.lin.t.23.2.001-111	Ox2-AA-d	-1024.65943	2.27	0.0247	2.49	0.0000	2.50	0.0095	-1327.74319	88.7
s.cyc.34.45.1.000-1x1	Ox1-CX-s	-1024.65883	1.64	0.0185	2.87	0.0172	3.17	0.0328	-1327.73724	92.4
s.cyc.17.32.1.x11-000	Ox1-CX-s	-1024.65839	2.02	0.0849	2.27	0.0275	2.64	0.0000	-1327.73680	92.7
d.lin.c.23.2.001-111	Ox2-AA-d	-1024.65757	2.28	0.0316	2.40	0.0595	2.49	0.0000	-1327.74133	89.8
s.cyc.17.23.1.x11-000	Ox1-CX-s	-1024.65730	1.97	0.0876	2.34	0.0060	2.61	0.0000	-1327.73571	93.4
s.cyc.23.43.1.011-000	Ox1-C5-s	-1024.65686	1.56	0.0481	2.52	0.0000	2.80	0.0562	-1327.73527	93.6
s.cyc.17.23.1.x00-011	Ox1-CX-s	-1024.65615	1.81	0.0549	2.57	0.0000	3.14	0.0076	-1327.73456	94.1
z.cyc.23.34.1.001-010	Ox1-C5-z	-1024.65600	1.31	0.0629	1.96	0.0007	2.94	0.1529	-1327.73441	94.2
d.lin.t.27.2.001-111	Ox2-AB-d	-1024.65529	2.25	0.1723	2.32	0.0275	2.81	0.0000	-1327.73905	91.3
d.cyc.17.32.1.x01-001	Ox1-CX-d	-1024.65525	1.76	0.1124	1.92	0.1250	3.09	0.2164	-1327.73366	94.7
d.lin.c.24.2.001-111	Ox2-AB-d	-1024.65513	2.30	0.0589	2.37	0.0655	2.73	0.9111	-1327.73889	91.4
s.lin.c.23.2.011-011	Ox2-AA-s	-1024.65494	1.89	0.1171	1.95	0.0228	2.42	0.0001	-1327.73870	91.5
z.cyc.34.45.1.010-0x1	Ox1-CX-z	-1024.65414	1.20	0.0151	1.65	0.1379	2.97	0.0000	-1327.73255	95.3
s.cyc.34.54.1.110-0x0	Ox1-CX-s	-1024.65313	1.04	0.0350	2.26	0.0275	3.14	0.2444	-1327.73154	96.0
s.lin.c.27.2.011-011	Ox2-AB-s	-1024.65311	1.75	0.1401	1.96	0.0405	2.49	0.0000	-1327.73688	92.6
s.lin.t.23.2.011-011	Ox2-AA-s	-1024.65297	1.82	0.1267	1.92	0.0348	2.42	0.0001	-1327.73673	92.7
d.lin.c.27.2.001-111	Ox2-AB-d	-1024.65272	2.22	0.1334	2.29	0.0044	2.73	0.8692	-1327.73648	92.9
s.lin.c.24.2.011-011	Ox2-AB-s	-1024.65246	1.59	0.1777	1.87	0.0405	2.49	0.0038	-1327.73622	93.0
d.cyc.23.34.1.001-100	Ox1-C5-d	-1024.65220	1.91	0.0049	2.39	0.0801	3.08	0.4430	-1327.73061	96.6
s.cyc.34.76.1.000-11x	Ox1-CX-s	-1024.65217	1.49	0.0099	2.69	0.0332	2.90	0.0098	-1327.73058	96.6
s.lin.t.22.2.011-011	Ox2-AA-s	-1024.65198	1.87	0.1505	1.92	0.0000	2.41	0.0000	-1327.73575	93.3
d.lin.t.24.2.001-111	Ox2-AB-d	-1024.65189	2.39	0.0801	2.44	0.0959	2.78	0.9011	-1327.73565	93.4
d.cyc.23.34.1.100-010	Ox1-C5-d	-1024.65168	1.68	0.0871	1.79	0.0117	3.10	0.1016	-1327.73009	96.9
s.cyc.17.32.1.x00-101	Ox1-CX-s	-1024.65165	1.85	0.0530	2.78	0.0246	3.39	0.0004	-1327.73005	96.9
s.cyc.34.67.1.000-11x	Ox1-CX-s	-1024.65162	1.36	0.0108	2.38	0.0095	2.76	0.0302	-1327.73003	96.9
s.lin.t.27.2.101-011	Ox2-AB-s	-1024.65136	1.96	0.0907	2.12	0.0735	2.56	0.0000	-1327.73512	93.7
s.lin.t.23.2.101-011	Ox2-AA-s	-1024.65102	2.05	0.0570	2.13	0.0061	2.42	0.0000	-1327.73478	93.9
s.lin.t.24.2.011-011	Ox2-AB-s	-1024.64996	1.64	0.2046	1.92	0.0166	2.47	0.0008	-1327.73373	94.6
s.cyc.17.32.1.x00-011	Ox1-CX-s	-1024.64975	1.62	0.0435	2.50	0.0000	2.87	0.0289	-1327.72816	98.1
s.cyc.12.43.1.x11-000	Ox1-CX-s	-1024.64943	1.66	0.0529	2.54	0.0000	3.10	0.0373	-1327.72783	98.3
s.lin.t.27.2.011-011	Ox2-AB-s	-1024.64916	1.80	0.1776	2.00	0.0201	2.49	0.0002	-1327.73293	95.1
z.cyc.34.76.1.010-01x	Ox1-CX-z	-1024.64900	1.18	0.0155	1.64	0.1518	2.72	0.1485	-1327.72741	98.6
s.lin.c.22.2.011-011	Ox2-AA-s	-1024.64883	1.76	0.0821	1.97	0.0793	2.40	0.0001	-1327.73260	95.3
z.cyc.17.23.1.x01-001	Ox1-CX-z	-1024.64866	1.39	0.1211	2.10	0.0125	3.10	0.0629	-1327.72707	98.8
d.cyc.17.23.1.x01-100	Ox1-CX-d	-1024.64813	1.68	0.0950	1.80	0.0352	3.04	0.0813	-1327.72654	99.1
d.cyc.12.34.1.x01-010	Ox1-CX-d	-1024.64812	1.76	0.1306	1.93	0.1117	3.08	0.5807	-1327.72653	99.1
s.cyc.34.54.1.000-1x1	Ox1-CX-s	-1024.64792	1.65	0.0180	2.78	0.0074	3.07	0.0422	-1327.72633	99.2
s.cyc.12.43.1.x00-011	Ox1-CX-s	-1024.64789	1.51	0.1034	2.28	0.0029	2.61	0.0000	-1327.72630	99.3
s.lin.t.33.2.011-011	Ox2-AA-s	-1024.64737	1.73	0.0015	1.74	0.0750	2.46	0.0000	-1327.73114	96.2
z.cyc.23.34.1.001-001	Ox1-C5-z	-1024.64734	1.33	0.0059	1.85	0.0442	2.94	0.1106	-1327.72574	99.6
s.lin.t.34.2.011-011	Ox2-AB-s	-1024.64708	1.72	0.0954	1.85	0.0322	2.45	0.0003	-1327.73085	96.4
s.lin.c.34.2.011-011	Ox2-AB-s	-1024.64701	1.72	0.1007	1.82	0.0279	2.45	0.0002	-1327.73077	96.5
s.lin.t.37.2.011-011	Ox2-AB-s	-1024.64646	1.76	0.0746	1.86	0.0325	2.45	0.0001	-1327.73022	96.8
s.lin.c.23.2.101-011	Ox2-AA-s	-1024.64642	1.93	0.0457	2.00	0.0274	2.42	0.0000	-1327.73018	96.8
z.cyc.34.45.1.100-0x1	Ox1-CX-z	-1024.64630	1.04	0.0289	1.99	0.0630	2.81	0.0000	-1327.72471	100.3
s.lin.t.77.2.011-011	Ox2-BB-s	-1024.64629	1.75	0.1190	1.87	0.0001	2.44	0.0001	-1327.73006	96.9
s.lin.c.37.2.011-011	Ox2-AB-s	-1024.64628	1.75	0.0844	1.82	0.0268	2.45	0.0002	-1327.73004	96.9
s.lin.c.44.2.011-011	Ox2-BB-s	-1024.64627	1.75	0.1435	1.91	0.0001	2.46	0.0002	-1327.73003	96.9
s.lin.c.33.2.011-011	Ox2-AA-s	-1024.64626	1.84	0.0747	1.84	0.0115	2.45	0.0002	-1327.73003	96.9
s.cyc.12.34.1.x00-011	Ox1-CX-s	-1024.64614	1.58	0.1178	2.37	0.0198	2.58	0.0000	-1327.72454	100.4
s.lin.c.47.2.011-011	Ox2-BB-s	-1024.64610	1.78	0.1338	1.91	0.0016	2.45	0.0003	-1327.72986	97.0
s.lin.t.47.2.011-011	Ox2-BB-s	-1024.64604	1.73	0.1269	1.89	0.0042	2.41	0.0001	-1327.72980	97.1
s.lin.t.44.2.011-011	Ox2-BB-s	-1024.64601	1.71	0.1419	1.89	0.0002	2.40	0.0000	-1327.72977	97.1
s.lin.c.77.2.011-011	Ox2-BB-s	-1024.64559	1.83	0.1209	1.92	0.0011	2.47	0.0007	-1327.72935	97.4
s.lin.c.22.2.101-011	Ox2-AA-s	-1024.64505	1.86	0.0834	2.04	0.0065	2.40	0.0000	-1327.72881	97.7
z.cyc.34.54.1.010-0x1	Ox1-CX-z	-1024.64469	0.83	0.0167	1.40	0.0653	2.73	0.0000	-1327.72309	101.3
s.cyc.17.23.1.x00-110	Ox1-CX-s	-1024.64464	1.44	0.0074	2.69	0.0098	3.23	0.4149	-1327.72305	101.3
s.cyc.12.34.1.x11-000	Ox1-CX-s	-1024.64433	1.61	0.0409	2.53	0.0000	2.98	0.0137	-1327.72274	101.5
s.cyc.23.34.1.110-000	Ox1-C5-s	-1024.64423	1.36	0.0075	2.61	0.0760	3.03	0.4008	-1327.72264	101.6
z.cyc.12.43.1.x01-010	Ox1-CX-z	-1024.64415	1.44	0.0594	1.93	0.0727	3.05	0.3338	-1327.72256	101.6
z.cyc.23.43.1.001-001	Ox1-C5-z	-1024.64359	1.19	0.0050	1.81	0.0274	2.84	0.3942	-1327.72200	102.0
s.lin.t.24.2.101-011	Ox2-AB-s	-1024.64359	1.73	0.1735	2.05	0.0194	2.49	0.0000	-1327.72735	98.6
d.lin.t.33.2.111-100	Ox2-AA-d	-1024.64334	2.40	0.0596	2.48	0.0000	2.71	0.0218	-1327.72710	98.8
s.lin.t.23.2.011-101	Ox2-AA-s	-1024.64308	1.78	0.2333	2.08	0.0424	2.43	0.0000	-1327.72685	98.9
z.cyc.34.67.1.010-01x	Ox1-CX-z	-1024.64278	0.82	0.0104	1.44	0.0783	2.46	0.2394	-1327.72119	102.5
s.cyc.23.34.1.000-101	Ox1-C5-s	-1024.64251	1.52	0.0127	2.13	0.0566	3.17	0.1021	-1327.72092	102.6
d.lin.c.33.2.111-100	Ox2-AA-d	-1024.64234	2.43	0.0537	2.47	0.0011	2.67	0.0033	-1327.72611	99.4
d.cyc.34.54.1.010-1x0	Ox1-CX-d	-1024.64216	1.48	0.0959	1.61	0.1130	2.58	0.2090	-1327.72057	102.9
s.lin.c.23.2.011-101	Ox2-AA-s	-1024.64186	1.71	0.1138	2.04	0.0910	2.44	0.0000	-1327.72562	99.7
d.cyc.34.45.1.100-1x0	Ox1-CX-d	-1024.64170	1.63	0.2249	2.17	0.0749	2.71	0.2054	-1327.72011	103.2
s.cyc.23.43.1.110-000	Ox1-C5-s	-1024.64152	1.36	0.0090	2.53	0.0768	3.03	0.3247	-1327.71993	103.3
z.cyc.34.76.1.100-01x	Ox1-CX-z	-1024.64112	1.04	0.0192	1.97	0.0807	2.71	0.0000	-1327.71953	103.5
s.lin.t.33.2.101-011	Ox2-AA-s	-1024.64099	1.81	0.1101	1.95	0.1310	2.43	0.0000	-1327.72476	100.2
s.lin.t.22.2.101-011	Ox2-AA-s	-1024.64095	1.75	0.0430	2.00	0.0270	2.38	0.0000	-1327.72472	100.3
z.cyc.34.45.1.010-1x0	Ox1-CX-z	-1024.64094	1.38	0.1153	1.69	0.0643	2.37	0.1478	-1327.71935	103.6
z.cyc.34.76.1.010-10x	Ox1-CX-z	-1024.64093	1.48	0.1624	1.75	0.0490	2.19	0.1335	-1327.71934	103.6
d.cyc.23.43.1.100-100	Ox1-C5-d	-1024.64088	1.94	0.0506	2.41	0.0214	3.28	0.1253	-1327.71929	103.7
s.lin.c.33.2.101-011	Ox2-AA-s	-1024.64073	1.83	0.0548	1.98	0.1912	2.43	0.0000	-1327.72449	100.4
d.cyc.12.43.1.x01-100	Ox1-CX-d	-1024.64054	2.04	0.1125	2.44	0.0931	3.13	0.5662	-1327.71895	103.9
d.cyc.17.17.1.x01-x01	Ox1-CX-d	-1024.64046	1.79	0.1229	1.87	0.0272	2.99	0.0001	-1327.71887	103.9
d.lin.c.37.2.111-001	Ox2-AB-d	-1024.64021	1.77	0.1538	2.23	0.0196	2.49	0.0021	-1327.72397	100.7
s.lin.t.27.2.011-101	Ox2-AB-s	-1024.64020	1.74	0.0624	1.96	0.0612	2.43	0.0000	-1327.72396	100.7
s.cyc.23.43.1.000-101	Ox1-C5-s	-1024.64007	1.49	0.0142	2.18	0.0729	3.19	0.0908	-1327.71848	104.2
d.lin.t.37.2.111-001	Ox2-AB-d	-1024.63968	1.82	0.1387	2.32	0.0277	2.46	0.0008	-1327.72344	101.1
d.cyc.34.76.1.100-10x	Ox1-CX-d	-1024.63963	1.64	0.0964	2.03	0.1958	2.42	0.1677	-1327.71804	104.5
s.lin.c.34.2.101-011	Ox2-AB-s	-1024.63938	1.66	0.1681	2.10	0.0376	2.48	0.0026	-1327.72314	101.2
s.lin.c.37.2.101-011	Ox2-AB-s	-1024.63915	1.75	0.1622	2.10	0.0417	2.51	0.0021	-1327.72292	101.4
s.lin.t.34.2.101-011	Ox2-AB-s	-1024.63908	1.66	0.1945	2.07	0.0430	2.48	0.0015	-1327.72285	101.4
z.cyc.23.43.1.010-010	Ox1-C5-z	-1024.63900	1.02	0.0314	1.51	0.1447	2.39	0.1911	-1327.71741	104.8
s.lin.c.27.2.101-011	Ox2-AB-s	-1024.63882	1.93	0.1028	2.10	0.0346	2.47	0.0010	-1327.72259	101.6
z.cyc.34.67.1.100-01x	Ox1-CX-z	-1024.63876	1.18	0.0146	2.13	0.1042	2.67	0.1323	-1327.71717	105.0
s.cyc.12.71.1.x11-x00	Ox1-CX-s	-1024.63875	1.77	0.0741	2.55	0.0000	3.31	0.0104	-1327.71716	105.0
s.lin.c.24.2.101-011	Ox2-AB-s	-1024.63872	1.78	0.1481	2.08	0.0187	2.43	0.0013	-1327.72248	101.7
s.lin.c.24.2.011-101	Ox2-AB-s	-1024.63846	1.84	0.0711	2.17	0.0172	2.46	0.0000	-1327.72222	101.8
s.lin.t.37.2.101-011	Ox2-AB-s	-1024.63831	1.76	0.1691	2.05	0.0501	2.50	0.0011	-1327.72208	101.9
z.cyc.34.54.1.100-0x1	Ox1-CX-z	-1024.63804	1.24	0.0163	2.10	0.0783	2.90	0.1218	-1327.71645	105.4
s.cyc.12.71.1.x00-x11	Ox1-CX-s	-1024.63804	1.59	0.0319	2.51	0.0402	2.62	0.0000	-1327.71645	105.4
d.lin.t.34.2.111-010	Ox2-AB-d	-1024.63797	1.91	0.1002	2.39	0.0263	2.46	0.0019	-1327.72174	102.1
s.lin.t.27.2.110-011	Ox2-AB-s	-1024.63775	1.63	0.1241	1.85	0.0099	2.52	0.0000	-1327.72152	102.3
z.cyc.17.71.1.x10-x10	Ox1-CX-z	-1024.63755	0.89	0.0379	1.32	0.0669	2.75	0.3607	-1327.71596	105.8
s.lin.c.23.2.110-011	Ox2-AA-s	-1024.63741	1.84	0.0368	1.86	0.0614	2.44	0.0000	-1327.72117	102.5
d.lin.c.34.2.111-010	Ox2-AB-d	-1024.63721	1.84	0.1372	2.28	0.0246	2.49	0.0019	-1327.72098	102.6
s.lin.t.24.2.011-101	Ox2-AB-s	-1024.63700	1.85	0.0566	2.15	0.0376	2.47	0.0000	-1327.72076	102.7
z.cyc.17.23.1.x10-001	Ox1-CX-z	-1024.63699	1.44	0.0298	1.94	0.0775	2.93	0.0747	-1327.71539	106.1
s.lin.t.22.2.110-011	Ox2-AA-s	-1024.63679	1.84	0.1066	2.02	0.0005	2.45	0.0000	-1327.72056	102.9
z.cyc.34.45.1.001-0x1	Ox1-CX-z	-1024.63667	0.81	0.0007	1.13	0.1050	2.66	0.0931	-1327.71508	106.3
s.cyc.17.32.1.x00-110	Ox1-CX-s	-1024.63640	1.45	0.0071	2.63	0.0191	3.13	0.3807	-1327.71481	106.5
s.cyc.12.43.1.x00-101	Ox1-CX-s	-1024.63628	1.84	0.1457	2.18	0.0057	3.42	0.2172	-1327.71469	106.5
s.lin.c.27.2.011-101	Ox2-AB-s	-1024.63610	1.70	0.0660	1.89	0.0089	2.42	0.0000	-1327.71987	103.3
s.lin.t.37.2.011-101	Ox2-AB-s	-1024.63584	1.91	0.0381	2.00	0.0313	2.44	0.0000	-1327.71961	103.5
s.lin.c.37.2.011-101	Ox2-AB-s	-1024.63559	1.90	0.0477	2.01	0.0311	2.44	0.0000	-1327.71935	103.6
s.lin.c.22.2.110-011	Ox2-AA-s	-1024.63533	1.69	0.0598	1.99	0.0343	2.43	0.0000	-1327.71910	103.8
s.lin.t.34.2.011-101	Ox2-AB-s	-1024.63523	1.86	0.0400	2.03	0.0256	2.45	0.0001	-1327.71900	103.8
d.cyc.23.43.1.100-010	Ox1-C5-d	-1024.63499	1.02	0.0008	1.66	0.0771	2.84	0.0162	-1327.71340	107.4
z.cyc.34.67.1.001-01x	Ox1-CX-z	-1024.63491	0.94	0.0145	1.31	0.0777	2.54	0.1341	-1327.71332	107.4
s.lin.t.23.2.101-101	Ox2-AA-s	-1024.63483	1.80	0.0731	2.05	0.0635	3.22	0.2372	-1327.71860	104.1
s.lin.c.23.2.101-101	Ox2-AA-s	-1024.63483	1.91	0.0918	2.10	0.0785	3.16	0.1356	-1327.71859	104.1
s.lin.t.47.2.101-011	Ox2-BB-s	-1024.63454	1.88	0.0657	2.14	0.0229	2.47	0.0001	-1327.71830	104.3
s.lin.c.23.2.011-110	Ox2-AA-s	-1024.63449	1.75	0.1297	1.96	0.0358	2.50	0.0000	-1327.71826	104.3
z.cyc.12.71.1.x01-x01	Ox1-CX-z	-1024.63439	1.42	0.0366	2.08	0.0667	3.22	0.2964	-1327.71280	107.7
s.lin.t.44.2.101-011	Ox2-BB-s	-1024.63419	1.83	0.0725	2.14	0.0242	2.45	0.0000	-1327.71795	104.5
s.lin.c.34.2.011-101	Ox2-AB-s	-1024.63417	1.87	0.0426	2.05	0.0296	2.45	0.0001	-1327.71793	104.5
s.cyc.23.43.1.000-110	Ox1-C5-s	-1024.63415	1.42	0.0571	1.63	0.0776	3.11	0.0099	-1327.71256	107.9
s.lin.t.22.2.101-101	Ox2-AA-s	-1024.63381	2.01	0.0117	2.03	0.0000	3.44	0.0000	-1327.71757	104.7
s.lin.c.47.2.011-101	Ox2-BB-s	-1024.63369	1.84	0.0781	2.11	0.0228	2.51	0.0005	-1327.71745	104.8
d.lin.t.34.2.100-111	Ox2-AB-d	-1024.63368	2.41	0.0509	2.81	0.0741	2.86	0.0158	-1327.71744	104.8
s.lin.c.77.2.101-011	Ox2-BB-s	-1024.63359	1.89	0.0998	2.06	0.0206	2.55	0.0043	-1327.71735	104.9
s.lin.c.44.2.101-011	Ox2-BB-s	-1024.63357	1.83	0.0693	2.13	0.0259	2.49	0.0001	-1327.71734	104.9
s.lin.c.47.2.101-011	Ox2-BB-s	-1024.63357	1.88	0.0611	2.13	0.0260	2.50	0.0001	-1327.71733	104.9
s.lin.t.23.2.110-011	Ox2-AA-s	-1024.63347	1.66	0.0691	1.81	0.0284	2.42	0.0000	-1327.71724	105.0
z.cyc.34.54.1.001-0x1	Ox1-CX-z	-1024.63346	0.99	0.0188	1.27	0.0636	2.79	0.1341	-1327.71187	108.3
s.lin.t.47.2.011-101	Ox2-BB-s	-1024.63306	1.84	0.0801	2.08	0.0202	2.51	0.0003	-1327.71683	105.2
s.lin.t.77.2.101-011	Ox2-BB-s	-1024.63291	1.91	0.0706	2.08	0.0175	2.52	0.0073	-1327.71667	105.3
d.lin.t.23.2.100-111	Ox2-AA-d	-1024.63262	1.81	0.0069	2.48	0.0000	2.57	0.0492	-1327.71638	105.5
d.lin.c.34.2.100-111	Ox2-AB-d	-1024.63256	2.48	0.0579	2.82	0.0642	2.89	0.0112	-1327.71632	105.5
z.cyc.12.43.1.x01-001	Ox1-CX-z	-1024.63251	1.26	0.0756	1.82	0.0637	3.02	0.3142	-1327.71092	108.9
d.cyc.34.67.1.010-10x	Ox1-CX-d	-1024.63231	1.40	0.0284	1.59	0.1366	2.27	0.2391	-1327.71072	109.0
s.lin.t.33.2.101-101	Ox2-AA-s	-1024.63209	1.78	0.3297	2.17	0.0026	2.93	0.0001	-1327.71586	105.8
s.lin.t.23.2.011-110	Ox2-AA-s	-1024.63204	1.69	0.1492	1.94	0.0090	2.49	0.0000	-1327.71581	105.9
s.cyc.17.17.1.x11-x00	Ox1-CX-s	-1024.63198	1.03	0.0209	2.45	0.0062	2.62	0.0000	-1327.71039	109.3
z.cyc.23.34.1.010-010	Ox1-C5-z	-1024.63178	0.85	0.0143	1.51	0.0736	2.31	0.0286	-1327.71019	109.4
s.lin.t.24.2.110-011	Ox2-AB-s	-1024.63177	1.57	0.1611	1.88	0.0056	2.49	0.0000	-1327.71553	106.0
s.cyc.23.34.1.000-110	Ox1-C5-s	-1024.63140	1.24	0.0167	1.43	0.1002	2.90	0.0176	-1327.70981	109.6
d.cyc.23.43.1.001-100	Ox1-C5-d	-1024.63127	1.09	0.0401	1.99	0.0128	2.75	0.1501	-1327.70968	109.7
z.cyc.17.32.1.x10-001	Ox1-CX-z	-1024.63105	1.18	0.0188	1.79	0.0122	2.71	0.3232	-1327.70946	109.8
z.cyc.34.76.1.001-01x	Ox1-CX-z	-1024.63101	0.80	0.0000	1.12	0.1080	2.43	0.0738	-1327.70942	109.9
s.lin.c.33.2.101-101	Ox2-AA-s	-1024.63093	1.75	0.1912	2.17	0.0352	2.93	0.0055	-1327.71469	106.5
z.cyc.17.32.1.x01-010	Ox1-CX-z	-1024.63085	1.02	0.0443	1.53	0.2036	2.47	0.0860	-1327.70926	110.0
d.lin.c.23.2.100-111	Ox2-AA-d	-1024.63084	1.79	0.0015	2.49	0.0000	2.60	0.0653	-1327.71461	106.6
s.lin.c.27.2.101-110	Ox2-AB-s	-1024.63058	2.00	0.0010	2.10	0.0024	2.98	0.5696	-1327.71435	106.8
s.cyc.12.34.1.x00-101	Ox1-CX-s	-1024.63036	1.76	0.1618	2.19	0.0122	3.43	0.2137	-1327.70877	110.3
s.lin.t.24.2.101-101	Ox2-AB-s	-1024.62989	2.03	0.0034	2.24	0.0383	3.17	0.4214	-1327.71365	107.2
z.cyc.23.34.1.010-100	Ox1-C5-z	-1024.62986	1.21	0.0293	2.03	0.1393	2.53	0.2119	-1327.70827	110.6
d.cyc.17.32.1.x01-100	Ox1-CX-d	-1024.62953	1.07	0.0138	1.72	0.1027	3.01	0.0193	-1327.70794	110.8
z.lin.c.23.2.010-111	Ox2-AA-z	-1024.62936	1.29	0.1868	2.04	0.0177	2.49	0.0000	-1327.71313	107.5
s.lin.c.27.2.110-011	Ox2-AB-s	-1024.62917	1.79	0.1015	1.99	0.0169	2.47	0.0004	-1327.71293	107.7
s.lin.c.22.2.101-101	Ox2-AA-s	-1024.62903	1.84	0.0139	2.01	0.0000	3.28	0.0000	-1327.71279	107.7
s.lin.t.33.2.110-011	Ox2-AA-s	-1024.62899	1.71	0.0877	1.77	0.0215	2.45	0.0000	-1327.71275	107.8
d.lin.c.77.2.111-001	Ox2-BB-d	-1024.62888	1.72	0.1948	2.12	0.0089	2.72	0.2246	-1327.71265	107.8
s.lin.t.23.2.101-110	Ox2-AA-s	-1024.62885	1.87	0.0943	2.13	0.0070	3.12	0.2579	-1327.71261	107.9
s.lin.c.24.2.110-011	Ox2-AB-s	-1024.62876	1.71	0.1192	1.98	0.0181	2.45	0.0001	-1327.71253	107.9
z.cyc.34.45.1.001-1x0	Ox1-CX-z	-1024.62866	1.01	0.1777	1.25	0.0520	2.37	0.1535	-1327.70707	111.3
z.lin.c.33.2.001-111	Ox2-AA-z	-1024.62863	1.42	0.2058	2.08	0.0452	2.46	0.0014	-1327.71239	108.0
z.cyc.12.43.1.x10-010	Ox1-CX-z	-1024.62860	1.09	0.0348	1.69	0.0382	2.93	0.0674	-1327.70701	111.4
z.cyc.34.76.1.001-10x	Ox1-CX-z	-1024.62847	0.99	0.1419	1.33	0.0432	2.02	0.0526	-1327.70688	111.5
d.lin.t.47.2.111-001	Ox2-BB-d	-1024.62843	1.65	0.1494	2.13	0.0182	2.52	0.1536	-1327.71220	108.1
z.lin.t.23.2.010-111	Ox2-AA-z	-1024.62828	1.23	0.1394	2.19	0.0137	2.48	0.0000	-1327.71204	108.2
d.lin.c.37.2.100-111	Ox2-AB-d	-1024.62827	2.34	0.0703	2.63	0.1224	2.86	0.0003	-1327.71204	108.2
d.lin.t.37.2.100-111	Ox2-AB-d	-1024.62826	2.31	0.0705	2.62	0.0982	2.85	0.0001	-1327.71202	108.2
s.lin.t.27.2.011-110	Ox2-AB-s	-1024.62777	1.84	0.0443	2.05	0.0217	2.46	0.0000	-1327.71154	108.5
z.lin.t.33.2.001-111	Ox2-AA-z	-1024.62775	1.31	0.2348	2.07	0.0159	2.48	0.0006	-1327.71151	108.5
s.lin.t.34.2.110-011	Ox2-AB-s	-1024.62765	1.69	0.1287	1.88	0.0039	2.48	0.0002	-1327.71142	108.6
s.lin.c.34.2.011-110	Ox2-AB-s	-1024.62750	1.88	0.0708	1.92	0.0230	2.44	0.0000	-1327.71127	108.7
z.lin.c.24.2.010-111	Ox2-AB-z	-1024.62730	1.27	0.1643	1.92	0.0375	2.65	0.5689	-1327.71107	108.8
z.cyc.23.43.1.100-001	Ox1-C5-z	-1024.62727	1.08	0.0370	1.55	0.0195	2.84	0.0211	-1327.70568	112.2
s.lin.t.37.2.110-011	Ox2-AB-s	-1024.62720	1.72	0.1102	1.87	0.0074	2.49	0.0005	-1327.71096	108.9
s.lin.t.34.2.011-110	Ox2-AB-s	-1024.62718	1.87	0.0410	1.93	0.0452	2.44	0.0000	-1327.71095	108.9
s.lin.t.23.2.110-101	Ox2-AA-s	-1024.62695	1.79	0.1531	2.11	0.0649	3.03	0.0195	-1327.71071	109.0
s.lin.c.33.2.110-011	Ox2-AA-s	-1024.62691	1.80	0.0836	1.83	0.0058	2.45	0.0001	-1327.71068	109.1
s.lin.c.34.2.110-011	Ox2-AB-s	-1024.62685	1.68	0.1184	1.87	0.0031	2.52	0.0000	-1327.71062	109.1
s.lin.t.34.2.101-101	Ox2-AB-s	-1024.62674	1.99	0.0763	2.16	0.0455	2.94	0.0848	-1327.71050	109.2
z.lin.t.27.2.010-111	Ox2-AB-z	-1024.62671	1.25	0.1639	1.75	0.0218	2.66	0.4059	-1327.71047	109.2
s.lin.c.24.2.011-110	Ox2-AB-s	-1024.62659	1.70	0.0819	1.87	0.0081	2.42	0.0000	-1327.71035	109.3
s.lin.c.24.2.101-101	Ox2-AB-s	-1024.62638	2.08	0.0038	2.20	0.0341	3.13	0.3564	-1327.71014	109.4
s.lin.t.37.2.101-101	Ox2-AB-s	-1024.62624	1.94	0.0526	2.11	0.0831	2.91	0.0928	-1327.71001	109.5
s.lin.c.22.2.110-101	Ox2-AA-s	-1024.62618	1.99	0.0144	2.11	0.0051	3.28	0.3536	-1327.70994	109.5
s.lin.c.37.2.110-011	Ox2-AB-s	-1024.62601	1.72	0.1050	1.86	0.0024	2.52	0.0001	-1327.70978	109.6
s.lin.c.37.2.101-101	Ox2-AB-s	-1024.62597	1.97	0.0730	2.11	0.0306	2.93	0.0902	-1327.70974	109.7
s.lin.c.34.2.101-101	Ox2-AB-s	-1024.62596	2.03	0.1055	2.15	0.0195	2.96	0.0777	-1327.70973	109.7
s.lin.t.24.2.011-110	Ox2-AB-s	-1024.62575	1.75	0.0742	1.94	0.0449	2.42	0.0001	-1327.70951	109.8
z.cyc.12.34.1.x01-001	Ox1-CX-z	-1024.62570	1.16	0.0338	1.76	0.0901	2.89	0.5956	-1327.70411	113.2
s.lin.t.22.2.110-101	Ox2-AA-s	-1024.62528	1.81	0.0039	2.06	0.0106	3.27	0.3987	-1327.70904	110.1
d.lin.t.44.2.111-010	Ox2-BB-d	-1024.62517	2.13	0.0619	2.59	0.0199	2.93	0.0023	-1327.70893	110.2
z.lin.c.27.2.010-111	Ox2-AB-z	-1024.62509	1.30	0.1586	1.81	0.0319	2.62	0.4745	-1327.70886	110.2
s.lin.c.44.2.110-011	Ox2-BB-s	-1024.62509	1.82	0.0928	1.99	0.0082	2.50	0.0005	-1327.70885	110.2
s.lin.c.47.2.110-011	Ox2-BB-s	-1024.62495	1.89	0.0860	1.99	0.0083	2.51	0.0015	-1327.70871	110.3
s.lin.c.23.2.110-101	Ox2-AA-s	-1024.62485	1.68	0.1030	2.09	0.0625	3.03	0.0219	-1327.70861	110.4
d.cyc.34.54.1.100-1x0	Ox1-CX-d	-1024.62474	1.53	0.0477	2.03	0.1211	2.43	0.1374	-1327.70315	113.8
s.lin.c.23.2.101-110	Ox2-AA-s	-1024.62454	1.76	0.0871	2.04	0.0184	3.09	0.3673	-1327.70830	110.6
s.lin.t.44.2.110-011	Ox2-BB-s	-1024.62452	1.80	0.0931	1.97	0.0066	2.49	0.0016	-1327.70828	110.6
s.lin.t.47.2.110-011	Ox2-BB-s	-1024.62451	1.86	0.0801	1.97	0.0090	2.51	0.0069	-1327.70827	110.6
d.lin.t.77.2.111-001	Ox2-BB-d	-1024.62417	1.72	0.1827	2.05	0.0050	2.55	0.1765	-1327.70793	110.8
s.lin.t.37.2.011-110	Ox2-AB-s	-1024.62393	1.88	0.0405	1.97	0.0076	2.44	0.0001	-1327.70770	110.9
s.lin.t.27.2.101-101	Ox2-AB-s	-1024.62392	2.02	0.0230	2.11	0.0248	3.13	0.0154	-1327.70769	110.9
s.lin.c.77.2.110-011	Ox2-BB-s	-1024.62388	1.79	0.0498	2.02	0.0108	2.58	0.0033	-1327.70764	111.0
d.lin.c.47.2.111-001	Ox2-BB-d	-1024.62387	1.61	0.1863	2.09	0.0145	2.44	0.1212	-1327.70764	111.0
s.lin.c.37.2.011-110	Ox2-AB-s	-1024.62385	1.95	0.0440	2.03	0.0121	2.45	0.0000	-1327.70761	111.0
s.lin.c.27.2.101-101	Ox2-AB-s	-1024.62384	2.00	0.0208	2.08	0.0230	3.12	0.0106	-1327.70760	111.0
d.lin.c.44.2.111-010	Ox2-BB-d	-1024.62367	1.65	0.1509	2.17	0.0185	2.55	0.1328	-1327.70743	111.1
s.cyc.12.43.1.x00-110	Ox1-CX-s	-1024.62363	1.38	0.0794	1.81	0.0030	2.93	0.1776	-1327.70204	114.5
z.cyc.12.34.1.x10-010	Ox1-CX-z	-1024.62356	0.94	0.0232	1.69	0.0476	2.92	0.0169	-1327.70197	114.5
s.lin.t.47.2.011-110	Ox2-BB-s	-1024.62352	1.87	0.0684	2.06	0.0128	2.46	0.0001	-1327.70729	111.2
z.cyc.23.34.1.100-001	Ox1-C5-z	-1024.62335	0.81	0.0152	1.36	0.0486	2.71	0.1112	-1327.70176	114.7
d.cyc.12.34.1.x01-100	Ox1-CX-d	-1024.62335	1.59	0.1410	2.16	0.0460	3.01	0.3186	-1327.70176	114.7
s.cyc.12.34.1.x00-110	Ox1-CX-s	-1024.62333	1.46	0.0825	1.99	0.0329	3.08	0.1511	-1327.70174	114.7
s.lin.c.27.2.011-110	Ox2-AB-s	-1024.62329	1.99	0.0638	2.09	0.0148	2.46	0.0001	-1327.70706	111.3
d.lin.t.24.2.100-111	Ox2-AB-d	-1024.62326	1.70	0.0041	2.66	0.3515	2.83	0.0014	-1327.70702	111.4
s.lin.t.77.2.110-011	Ox2-BB-s	-1024.62322	1.93	0.0579	2.06	0.0128	2.48	0.0001	-1327.70698	111.4
z.lin.c.22.2.001-111	Ox2-AA-z	-1024.62316	1.01	0.0398	1.95	0.1107	2.14	0.2475	-1327.70692	111.4
z.cyc.23.34.1.010-001	Ox1-C5-z	-1024.62316	1.04	0.0242	1.14	0.0191	2.42	0.2651	-1327.70157	114.8
z.cyc.17.23.1.x01-010	Ox1-CX-z	-1024.62285	0.90	0.0212	1.57	0.1307	2.43	0.0345	-1327.70126	115.0
z.cyc.12.71.1.x01-x10	Ox1-CX-z	-1024.62277	1.43	0.0994	1.95	0.0933	3.07	0.2408	-1327.70118	115.0
s.lin.c.47.2.011-110	Ox2-BB-s	-1024.62229	1.67	0.0649	2.03	0.0101	2.52	0.0024	-1327.70606	112.0
s.lin.t.44.2.101-101	Ox2-BB-s	-1024.62201	2.16	0.0371	2.17	0.0166	3.06	0.0021	-1327.70577	112.1
s.lin.c.44.2.101-101	Ox2-BB-s	-1024.62178	2.15	0.0169	2.17	0.0380	3.05	0.0054	-1327.70555	112.3
z.lin.t.24.2.010-111	Ox2-AB-z	-1024.62133	1.19	0.1644	2.02	0.0321	2.69	0.6869	-1327.70510	112.6
z.cyc.23.43.1.010-001	Ox1-C5-z	-1024.62119	1.06	0.0315	1.16	0.0111	2.44	0.3615	-1327.69960	116.0
s.lin.t.33.2.110-101	Ox2-AA-s	-1024.62118	1.69	0.1778	2.06	0.0372	2.95	0.0801	-1327.70495	112.7
z.cyc.34.54.1.001-1x0	Ox1-CX-z	-1024.62098	1.04	0.0671	1.41	0.0262	2.24	0.1423	-1327.69939	116.2
z.cyc.17.17.1.x10-x01	Ox1-CX-z	-1024.62094	0.96	0.0382	1.73	0.0320	2.93	0.0000	-1327.69935	116.2
s.lin.c.33.2.110-101	Ox2-AA-s	-1024.62091	1.70	0.1312	2.08	0.0752	2.92	0.0603	-1327.70468	112.8
z.lin.c.34.2.001-111	Ox2-AB-z	-1024.62091	1.35	0.2748	1.87	0.0195	2.48	0.1615	-1327.70467	112.8
s.lin.c.47.2.101-101	Ox2-BB-s	-1024.62089	2.10	0.0227	2.18	0.0331	2.77	0.0299	-1327.70466	112.8
s.lin.t.47.2.101-101	Ox2-BB-s	-1024.62086	2.10	0.0251	2.19	0.0273	2.76	0.0339	-1327.70462	112.9
s.lin.c.77.2.101-101	Ox2-BB-s	-1024.62050	2.11	0.0179	2.12	0.0414	3.28	0.0047	-1327.70426	113.1
z.lin.t.34.2.001-111	Ox2-AB-z	-1024.62048	1.34	0.2663	1.92	0.0266	2.45	0.1740	-1327.70425	113.1
d.cyc.23.34.1.100-100	Ox1-C5-d	-1024.62012	1.24	0.0039	2.08	0.0592	2.86	0.1665	-1327.69853	116.7
s.lin.t.77.2.101-101	Ox2-BB-s	-1024.62000	2.09	0.0349	2.10	0.0200	3.26	0.0014	-1327.70376	113.4
z.lin.t.27.2.111-001	Ox2-AB-z	-1024.61994	1.00	0.0499	1.72	0.1330	1.92	0.0189	-1327.70370	113.4
s.lin.t.22.2.110-110	Ox2-AA-s	-1024.61971	1.86	0.0551	2.05	0.0000	3.16	0.0000	-1327.70348	113.6
d.lin.c.47.2.010-111	Ox2-BB-d	-1024.61928	1.71	0.1676	2.15	0.0136	2.71	0.1819	-1327.70304	113.9
d.cyc.34.67.1.100-10x	Ox1-CX-d	-1024.61914	1.66	0.0301	1.94	0.1922	2.25	0.1066	-1327.69755	117.3
s.lin.t.24.2.110-101	Ox2-AB-s	-1024.61900	1.82	0.0181	2.08	0.0314	3.22	0.0740	-1327.70277	114.0
z.lin.t.22.2.001-111	Ox2-AA-z	-1024.61896	0.90	0.0176	1.86	0.0410	2.08	0.2321	-1327.70273	114.1
z.cyc.12.43.1.x10-001	Ox1-CX-z	-1024.61849	1.12	0.0009	1.44	0.0010	2.89	0.0537	-1327.69690	117.7
s.lin.c.27.2.110-110	Ox2-AB-s	-1024.61847	1.78	0.0299	1.96	0.0053	3.09	0.1010	-1327.70223	114.4
z.lin.t.37.2.001-111	Ox2-AB-z	-1024.61832	1.35	0.3100	1.75	0.0096	2.40	0.1058	-1327.70209	114.5
z.lin.c.37.2.001-111	Ox2-AB-z	-1024.61789	1.36	0.2897	1.82	0.0073	2.50	0.1778	-1327.70165	114.7
z.cyc.17.32.1.x10-100	Ox1-CX-z	-1024.61787	1.14	0.0751	1.59	0.0120	2.80	0.0165	-1327.69628	118.1
d.lin.c.24.2.100-111	Ox2-AB-d	-1024.61770	1.82	0.0030	2.72	0.2504	2.75	0.0268	-1327.70146	114.9
s.lin.c.34.2.101-110	Ox2-AB-s	-1024.61754	1.83	0.0745	2.10	0.0319	2.94	0.0206	-1327.70131	115.0
z.cyc.12.71.1.x10-x01	Ox1-CX-z	-1024.61750	1.11	0.0348	1.69	0.0687	2.98	0.0260	-1327.69591	118.3
z.cyc.23.43.1.010-100	Ox1-C5-z	-1024.61695	0.99	0.0106	1.89	0.0831	2.45	0.0689	-1327.69536	118.7
s.lin.t.34.2.101-110	Ox2-AB-s	-1024.61686	1.80	0.0737	2.09	0.0592	2.90	0.0155	-1327.70062	115.4
s.lin.t.24.2.101-110	Ox2-AB-s	-1024.61670	1.81	0.0318	2.05	0.0240	3.05	0.0003	-1327.70046	115.5
s.lin.c.24.2.110-101	Ox2-AB-s	-1024.61655	1.92	0.0195	2.10	0.0225	3.13	0.0370	-1327.70032	115.6
s.lin.c.23.2.110-110	Ox2-AA-s	-1024.61647	1.72	0.1015	1.96	0.0079	3.05	0.0468	-1327.70023	115.6
z.cyc.12.43.1.x10-100	Ox1-CX-z	-1024.61634	1.12	0.0500	2.12	0.0791	2.91	0.1019	-1327.69475	119.1
d.lin.t.47.2.010-111	Ox2-BB-d	-1024.61610	1.80	0.1910	2.09	0.0055	2.65	0.0890	-1327.69986	115.9
z.lin.t.33.2.010-111	Ox2-AA-z	-1024.61591	1.13	0.0622	2.27	0.0027	2.47	0.0001	-1327.69967	116.0
z.cyc.34.67.1.001-10x	Ox1-CX-z	-1024.61582	1.07	0.0809	1.48	0.0139	2.05	0.1463	-1327.69423	119.4
s.lin.t.37.2.110-101	Ox2-AB-s	-1024.61573	1.90	0.0574	2.05	0.0156	2.82	0.1683	-1327.69949	116.1
s.lin.t.37.2.101-110	Ox2-AB-s	-1024.61568	2.01	0.0160	2.14	0.0759	2.99	0.0778	-1327.69945	116.1
s.lin.c.37.2.110-101	Ox2-AB-s	-1024.61534	1.87	0.0630	2.06	0.0116	2.82	0.1659	-1327.69910	116.3
s.lin.t.34.2.110-101	Ox2-AB-s	-1024.61534	1.85	0.0423	2.05	0.0229	2.95	0.0014	-1327.69910	116.3
s.lin.c.27.2.110-101	Ox2-AB-s	-1024.61516	1.97	0.0128	2.08	0.0195	2.92	0.1086	-1327.69892	116.4
s.lin.t.27.2.110-101	Ox2-AB-s	-1024.61508	1.93	0.0081	2.06	0.0333	2.92	0.1360	-1327.69884	116.5
z.lin.c.33.2.010-111	Ox2-AA-z	-1024.61501	1.16	0.0322	2.24	0.0063	2.46	0.0016	-1327.69877	116.5
s.lin.c.47.2.110-101	Ox2-BB-s	-1024.61500	1.89	0.0172	2.10	0.0302	3.09	0.0201	-1327.69876	116.5
z.cyc.17.23.1.x10-100	Ox1-CX-z	-1024.61499	0.80	0.0049	1.58	0.0667	2.59	0.0944	-1327.69340	119.9
z.lin.t.23.2.111-001	Ox2-AA-z	-1024.61487	1.06	0.0948	1.54	0.0790	1.85	0.0705	-1327.69864	116.6
s.lin.c.24.2.101-110	Ox2-AB-s	-1024.61447	1.88	0.0302	2.07	0.0245	3.02	0.0024	-1327.69823	116.9
z.cyc.12.34.1.x10-001	Ox1-CX-z	-1024.61437	1.16	0.0015	1.45	0.0021	2.95	0.0105	-1327.69278	120.3
s.lin.c.34.2.110-101	Ox2-AB-s	-1024.61435	1.89	0.0460	2.07	0.0232	2.94	0.0020	-1327.69811	117.0
s.lin.c.77.2.110-101	Ox2-BB-s	-1024.61418	1.97	0.0093	2.12	0.0276	2.84	0.0258	-1327.69794	117.1
z.cyc.17.23.1.x10-010	Ox1-CX-z	-1024.61372	1.10	0.0539	1.23	0.0208	2.46	0.2121	-1327.69213	120.7
s.lin.c.22.2.110-110	Ox2-AA-s	-1024.61352	1.70	0.0256	2.01	0.0101	3.09	0.0000	-1327.69728	117.5
s.lin.t.23.2.110-110	Ox2-AA-s	-1024.61351	1.61	0.1006	1.89	0.0055	3.08	0.0802	-1327.69728	117.5
s.lin.t.77.2.110-101	Ox2-BB-s	-1024.61322	2.03	0.0271	2.07	0.0084	2.66	0.1100	-1327.69699	117.7
z.lin.c.23.2.111-001	Ox2-AA-z	-1024.61318	0.95	0.0059	1.56	0.0358	1.83	0.1229	-1327.69695	117.7
s.lin.t.27.2.101-110	Ox2-AB-s	-1024.61267	2.05	0.0135	2.12	0.0052	3.10	0.2703	-1327.69643	118.0
s.lin.c.37.2.101-110	Ox2-AB-s	-1024.61257	2.02	0.0357	2.08	0.0489	2.96	0.0536	-1327.69633	118.1
s.lin.t.44.2.110-101	Ox2-BB-s	-1024.61242	1.96	0.0206	2.19	0.0258	2.74	0.0194	-1327.69618	118.2
d.lin.c.27.2.100-111	Ox2-AB-d	-1024.61239	1.68	0.0042	2.51	0.2931	2.73	0.0121	-1327.69616	118.2
d.lin.t.27.2.100-111	Ox2-AB-d	-1024.61232	1.70	0.0052	2.51	0.2878	2.85	0.0008	-1327.69608	118.2
s.lin.c.44.2.110-101	Ox2-BB-s	-1024.61215	1.97	0.0200	2.18	0.0303	2.75	0.0197	-1327.69591	118.3
z.cyc.17.32.1.x10-010	Ox1-CX-z	-1024.61190	1.05	0.0335	1.29	0.0163	2.40	0.3306	-1327.69031	121.8
z.lin.c.22.2.010-111	Ox2-AA-z	-1024.61170	1.05	0.0200	1.69	0.0274	2.04	0.0165	-1327.69546	118.6
z.lin.t.22.2.010-111	Ox2-AA-z	-1024.61167	1.20	0.0326	1.80	0.0960	1.98	0.0368	-1327.69543	118.6
s.lin.c.47.2.101-110	Ox2-BB-s	-1024.61119	2.11	0.0081	2.28	0.0267	3.09	0.0277	-1327.69495	118.9
s.lin.t.47.2.110-101	Ox2-BB-s	-1024.61096	1.97	0.0219	2.08	0.0245	3.08	0.0193	-1327.69473	119.1
s.lin.t.47.2.101-110	Ox2-BB-s	-1024.61073	2.06	0.0113	2.18	0.0283	3.07	0.0047	-1327.69450	119.2
s.lin.t.33.2.110-110	Ox2-AA-s	-1024.61019	1.67	0.1220	1.85	0.0005	3.05	0.0004	-1327.69395	119.6
z.lin.t.34.2.111-001	Ox2-AB-z	-1024.61009	0.90	0.0466	1.37	0.0228	2.11	0.1199	-1327.69386	119.6
s.lin.c.44.2.110-110	Ox2-BB-s	-1024.60948	1.85	0.0226	1.90	0.0140	2.99	0.0015	-1327.69325	120.0
s.lin.t.24.2.110-110	Ox2-AB-s	-1024.60938	1.76	0.0486	2.02	0.0210	2.92	0.0532	-1327.69315	120.1
z.lin.t.27.2.111-010	Ox2-AB-z	-1024.60873	1.29	0.0132	1.50	0.0182	2.06	0.0169	-1327.69249	120.5
z.lin.t.24.2.111-001	Ox2-AB-z	-1024.60859	1.04	0.0052	1.32	0.0244	1.89	0.0336	-1327.69235	120.6
s.lin.c.77.2.110-110	Ox2-BB-s	-1024.60841	1.97	0.0082	1.98	0.0096	3.00	0.0001	-1327.69218	120.7
z.lin.c.34.2.111-001	Ox2-AB-z	-1024.60837	0.83	0.0309	1.34	0.0249	2.06	0.0581	-1327.69214	120.7
z.lin.t.23.2.111-010	Ox2-AA-z	-1024.60835	1.09	0.0233	1.55	0.0153	1.91	0.0927	-1327.69211	120.7
z.lin.c.23.2.111-010	Ox2-AA-z	-1024.60824	1.17	0.0212	1.55	0.0595	1.90	0.0459	-1327.69200	120.8
s.lin.c.33.2.110-110	Ox2-AA-s	-1024.60785	1.75	0.0827	1.89	0.0078	2.98	0.0015	-1327.69161	121.0
z.lin.t.24.2.111-010	Ox2-AB-z	-1024.60782	0.98	0.0451	1.73	0.2036	1.96	0.0011	-1327.69158	121.1
z.lin.t.44.2.001-111	Ox2-BB-z	-1024.60781	0.94	0.0152	1.46	0.0390	1.91	0.0604	-1327.69158	121.1
z.lin.c.77.2.010-111	Ox2-BB-z	-1024.60749	1.19	0.0204	1.51	0.0344	2.21	0.0343	-1327.69126	121.3
s.lin.t.34.2.110-110	Ox2-AB-s	-1024.60742	1.84	0.0700	1.98	0.0134	2.87	0.0903	-1327.69118	121.3
z.lin.c.44.2.001-111	Ox2-BB-z	-1024.60694	0.91	0.0153	1.46	0.0350	1.88	0.0529	-1327.69070	121.6
s.lin.c.34.2.110-110	Ox2-AB-s	-1024.60690	1.82	0.0778	1.97	0.0020	2.85	0.0752	-1327.69067	121.6
s.lin.t.77.2.110-110	Ox2-BB-s	-1024.60684	1.89	0.0231	1.91	0.0020	2.99	0.0002	-1327.69061	121.7
s.lin.c.24.2.110-110	Ox2-AB-s	-1024.60671	1.86	0.0331	2.03	0.0107	2.94	0.0423	-1327.69048	121.7
z.lin.t.34.2.010-111	Ox2-AB-z	-1024.60648	1.06	0.1374	1.52	0.0261	2.30	0.0069	-1327.69024	121.9
z.lin.c.47.2.111-010	Ox2-BB-z	-1024.60632	0.95	0.0065	1.51	0.0388	1.94	0.0236	-1327.69008	122.0
s.lin.t.27.2.110-110	Ox2-AB-s	-1024.60585	2.00	0.0033	2.07	0.0116	3.09	0.0502	-1327.68962	122.3
z.lin.t.47.2.111-010	Ox2-BB-z	-1024.60574	1.20	0.0099	1.65	0.0373	2.12	0.0445	-1327.68951	122.4
z.lin.t.47.2.001-111	Ox2-BB-z	-1024.60569	1.03	0.0092	1.44	0.0306	1.89	0.0554	-1327.68946	122.4
z.lin.c.47.2.001-111	Ox2-BB-z	-1024.60568	1.03	0.0154	1.44	0.0270	1.88	0.0517	-1327.68945	122.4
z.lin.t.37.2.010-111	Ox2-AB-z	-1024.60561	1.15	0.1621	1.57	0.0109	2.43	0.0243	-1327.68937	122.4
z.cyc.12.34.1.x10-100	Ox1-CX-z	-1024.60550	1.06	0.1092	2.01	0.0080	2.87	0.1656	-1327.68391	125.9
z.lin.c.24.2.111-001	Ox2-AB-z	-1024.60545	1.07	0.0101	1.30	0.0144	1.85	0.0482	-1327.68921	122.5
z.lin.t.77.2.010-111	Ox2-BB-z	-1024.60525	1.07	0.0035	1.51	0.0302	1.95	0.0278	-1327.68901	122.7
z.lin.c.27.2.111-001	Ox2-AB-z	-1024.60502	0.94	0.0213	1.58	0.0574	1.95	0.0670	-1327.68879	122.8
d.cyc.12.17.1.x01-x01	Ox1-CX-d	-1024.60499	1.75	0.1388	2.08	0.1185	3.17	0.4078	-1327.68340	126.2
z.lin.c.34.2.010-111	Ox2-AB-z	-1024.60496	0.99	0.1003	1.47	0.0283	2.24	0.0006	-1327.68873	122.8
d.lin.t.34.2.111-100	Ox2-AB-d	-1024.60492	1.64	0.1495	2.22	0.0130	2.45	0.2558	-1327.68868	122.9
z.lin.t.37.2.111-010	Ox2-AB-z	-1024.60447	1.05	0.0163	1.42	0.0274	2.13	0.0614	-1327.68824	123.2
z.lin.c.37.2.010-111	Ox2-AB-z	-1024.60424	1.11	0.1448	1.49	0.0157	2.42	0.0138	-1327.68801	123.3
s.lin.c.37.2.110-110	Ox2-AB-s	-1024.60419	1.97	0.0326	2.02	0.0160	2.93	0.0025	-1327.68795	123.3
d.lin.c.34.2.111-100	Ox2-AB-d	-1024.60397	1.60	0.1092	2.18	0.0123	2.45	0.3226	-1327.68773	123.5
z.cyc.17.17.1.x10-x10	Ox1-CX-z	-1024.60388	1.28	0.1682	1.38	0.0206	2.98	0.0000	-1327.68229	126.9
z.lin.c.27.2.111-010	Ox2-AB-z	-1024.60371	1.13	0.0065	1.31	0.0186	1.87	0.0212	-1327.68748	123.6
s.cyc.12.17.1.x00-x11	Ox1-CX-s	-1024.60353	1.72	0.0527	2.58	0.0001	2.71	0.0335	-1327.68194	127.1
z.lin.c.37.2.111-010	Ox2-AB-z	-1024.60349	1.05	0.0069	1.37	0.0247	2.05	0.0316	-1327.68726	123.8
s.lin.t.37.2.110-110	Ox2-AB-s	-1024.60322	1.89	0.0301	2.00	0.0127	2.95	0.0005	-1327.68698	123.9
z.lin.c.24.2.111-010	Ox2-AB-z	-1024.60272	0.93	0.0241	1.59	0.0723	1.92	0.0580	-1327.68649	124.2
s.lin.t.44.2.110-110	Ox2-BB-s	-1024.60204	1.91	0.0330	1.98	0.0058	3.01	0.0005	-1327.68580	124.7
s.lin.t.47.2.110-110	Ox2-BB-s	-1024.60159	1.98	0.0201	2.09	0.0111	2.80	0.0188	-1327.68536	125.0
d.lin.c.37.2.111-100	Ox2-AB-d	-1024.60013	1.81	0.0494	2.40	0.1880	2.45	0.0472	-1327.68390	125.9
d.lin.t.37.2.111-100	Ox2-AB-d	-1024.60011	1.75	0.0715	2.29	0.3460	2.45	0.1761	-1327.68388	125.9
s.lin.c.47.2.110-110	Ox2-BB-s	-1024.59914	1.84	0.0149	2.09	0.0139	2.69	0.0255	-1327.68290	126.5
s.cyc.12.17.1.x11-x00	Ox1-CX-s	-1024.59899	1.66	0.0671	2.49	0.0001	3.00	0.0348	-1327.67740	130.0
z.cyc.12.71.1.x10-x10	Ox1-CX-z	-1024.59586	0.94	0.0331	1.37	0.1161	2.68	0.1578	-1327.67427	131.9
z.lin.t.23.2.111-100	Ox2-AA-z	-1024.59457	0.74	0.0523	1.48	0.0685	2.18	0.0000	-1327.67833	129.4
d.lin.t.44.2.111-100	Ox2-BB-d	-1024.58891	1.58	0.1111	2.18	0.2289	2.25	0.0156	-1327.67267	132.9
z.lin.c.23.2.111-100	Ox2-AA-z	-1024.58715	0.50	0.0301	1.32	0.0434	2.07	0.0000	-1327.67092	134.0
d.lin.c.44.2.111-100	Ox2-BB-d	-1024.58706	1.44	0.1076	2.06	0.1269	2.28	0.0872	-1327.67083	134.1
d.lin.t.77.2.111-100	Ox2-BB-d	-1024.58686	1.28	0.0577	2.02	0.2556	2.30	0.0857	-1327.67063	134.2
d.lin.c.47.2.111-100	Ox2-BB-d	-1024.58663	1.35	0.0638	1.85	0.1798	2.19	0.0203	-1327.67040	134.3
z.lin.c.22.2.100-111	Ox2-AA-z	-1024.58557	0.96	0.0769	1.44	0.0149	1.86	0.3579	-1327.66933	135.0
d.lin.c.47.2.100-111	Ox2-BB-d	-1024.58292	1.59	0.1114	2.16	0.1050	2.50	0.2038	-1327.66668	136.7
d.lin.t.47.2.100-111	Ox2-BB-d	-1024.58243	1.52	0.1113	2.12	0.1252	2.26	0.1378	-1327.66620	137.0
z.lin.t.22.2.100-111	Ox2-AA-z	-1024.58218	0.72	0.0253	1.41	0.0138	1.76	0.0805	-1327.66595	137.1
z.cyc.12.17.1.x01-x10	Ox1-CX-z	-1024.58171	1.22	0.0361	1.98	0.0951	2.85	0.4772	-1327.66012	140.8
z.cyc.12.17.1.x10-x01	Ox1-CX-z	-1024.58115	1.04	0.0485	1.75	0.1057	2.99	0.0053	-1327.65956	141.1
d.lin.c.77.2.111-100	Ox2-BB-d	-1024.58077	1.37	0.0679	1.86	0.2021	2.08	0.0116	-1327.66454	138.0
d.lin.t.47.2.111-100	Ox2-BB-d	-1024.58022	1.49	0.0569	1.93	0.3050	2.25	0.0071	-1327.66399	138.4
z.lin.t.24.2.111-100	Ox2-AB-z	-1024.57663	0.88	0.0654	1.53	0.0836	1.74	0.0545	-1327.66040	140.6
z.lin.c.24.2.111-100	Ox2-AB-z	-1024.57193	0.87	0.0533	1.48	0.0892	1.66	0.0275	-1327.65569	143.6
z.lin.c.27.2.111-100	Ox2-AB-z	-1024.57027	0.87	0.0214	1.35	0.0285	1.68	0.0129	-1327.65403	144.6
z.cyc.12.17.1.x10-x10	Ox1-CX-z	-1024.56717	1.22	0.0228	1.51	0.0121	2.84	0.0105	-1327.64557	149.9
z.lin.t.27.2.111-100	Ox2-AB-z	-1024.56074	0.78	0.0202	1.28	0.0087	1.49	0.0290	-1327.64450	150.6
d.cyc.34.43.2.010-111	Ox2-C6-d	-1023.47605	1.76	0.0844	2.27	0.0673	2.63	0.0000	-1327.84266	26.2
d.cyc.34.34.2.111-100	Ox2-C6-d	-1023.47142	2.17	0.0199	2.76	0.0706	2.77	0.0000	-1327.83804	29.2
d.cyc.34.43.2.100-111	Ox2-C6-d	-1023.46746	2.44	0.0412	2.71	0.0000	2.85	0.0095	-1327.83407	31.6
d.cyc.34.34.2.111-010	Ox2-C6-d	-1023.46728	1.79	0.0805	2.32	0.0322	2.66	0.0001	-1327.83390	31.7
s.cyc.34.43.2.011-011	Ox2-C6-s	-1023.46164	1.31	0.1900	1.32	0.0000	2.51	0.0000	-1327.82826	35.3
z.cyc.34.43.2.001-111	Ox2-C6-z	-1023.45486	1.21	0.0473	2.07	0.0172	2.68	0.0000	-1327.82148	39.5
d.cyc.17.43.2.x01-111	Ox2-CX-d	-1023.45452	1.73	0.0566	2.20	0.0685	2.67	0.0000	-1327.82114	39.8
s.cyc.34.43.2.011-101	Ox2-C6-s	-1023.45426	1.25	0.1107	1.91	0.0504	2.51	0.0000	-1327.82087	39.9
s.cyc.34.43.2.011-110	Ox2-C6-s	-1023.45325	1.10	0.0590	1.59	0.0330	2.56	0.0000	-1327.81987	40.6
s.cyc.34.34.2.101-011	Ox2-C6-s	-1023.45180	1.27	0.0547	1.70	0.1609	2.64	0.0000	-1327.81841	41.5
s.cyc.34.34.2.011-011	Ox2-C6-s	-1023.44885	1.06	0.1289	1.65	0.0000	2.51	0.0001	-1327.81546	43.3
z.cyc.34.34.2.111-001	Ox2-C6-z	-1023.44730	1.19	0.0377	2.10	0.0386	2.63	0.0000	-1327.81392	44.3
d.cyc.17.34.2.x01-111	Ox2-CX-d	-1023.44653	1.79	0.0606	2.28	0.0204	2.66	0.0000	-1327.81315	44.8
s.cyc.34.34.2.110-011	Ox2-C6-s	-1023.44323	1.06	0.0185	1.65	0.0411	2.53	0.0001	-1327.80985	46.8
s.cyc.17.43.2.x11-011	Ox2-CX-s	-1023.44123	1.23	0.0205	1.43	0.1315	2.49	0.0000	-1327.80785	48.1
s.cyc.34.43.2.101-101	Ox2-C6-s	-1023.44123	1.64	0.2464	2.01	0.0000	2.93	0.0000	-1327.80784	48.1
s.cyc.17.43.2.x11-101	Ox2-CX-s	-1023.43743	1.49	0.0962	1.98	0.0389	2.52	0.0000	-1327.80405	50.5
s.cyc.17.43.2.x11-110	Ox2-CX-s	-1023.43688	1.28	0.0592	1.80	0.0656	2.53	0.0000	-1327.80350	50.8
s.cyc.34.34.2.101-101	Ox2-C6-s	-1023.43561	1.36	0.1012	2.26	0.0290	2.89	0.0594	-1327.80222	51.6
z.cyc.17.43.2.x10-111	Ox2-CX-z	-1023.43184	1.18	0.0419	2.01	0.0239	2.73	0.0000	-1327.79846	54.0
s.cyc.17.34.2.x11-101	Ox2-CX-s	-1023.43158	1.59	0.0001	1.83	0.1732	2.52	0.0001	-1327.79819	54.2
s.cyc.34.43.2.101-110	Ox2-C6-s	-1023.43050	1.16	0.0992	2.04	0.0011	2.57	0.0222	-1327.79711	54.8
s.cyc.34.43.2.110-110	Ox2-C6-s	-1023.43046	1.01	0.1904	1.76	0.0000	1.82	0.0000	-1327.79708	54.9
s.cyc.17.34.2.x11-011	Ox2-CX-s	-1023.43015	1.17	0.0815	1.65	0.0127	2.51	0.0001	-1327.79677	55.0
s.cyc.34.34.2.110-101	Ox2-C6-s	-1023.42896	1.29	0.1053	1.95	0.0520	2.62	0.0131	-1327.79558	55.8
s.cyc.17.34.2.x11-110	Ox2-CX-s	-1023.42824	1.24	0.0315	1.96	0.0102	2.56	0.0000	-1327.79486	56.2
s.cyc.34.34.2.110-110	Ox2-C6-s	-1023.42732	1.06	0.1781	1.82	0.0035	2.02	0.0086	-1327.79393	56.8
z.cyc.17.34.2.x10-111	Ox2-CX-z	-1023.42467	0.98	0.0369	1.78	0.0574	2.74	0.0000	-1327.79128	58.5
s.cyc.23.43.2.011-011	Ox2-C5-s	-1023.41519	1.62	0.0450	1.96	0.0098	2.34	0.1334	-1327.78181	64.4
s.cyc.23.34.2.011-011	Ox2-C5-s	-1023.41475	1.64	0.0312	1.83	0.0608	2.50	0.0692	-1327.78137	64.7
s.cyc.23.34.2.101-011	Ox2-C5-s	-1023.41282	1.63	0.1164	1.94	0.0085	2.51	0.0000	-1327.77943	65.9
s.cyc.23.43.2.101-011	Ox2-C5-s	-1023.41201	1.64	0.0128	1.96	0.1132	2.51	0.0000	-1327.77863	66.4
d.cyc.23.34.2.001-111	Ox2-C5-d	-1023.41197	1.60	0.0093	2.27	0.0143	2.63	0.0000	-1327.77858	66.5
s.cyc.17.71.2.x11-x11	Ox2-CX-s	-1023.41169	1.04	0.0000	1.23	0.1856	2.52	0.0000	-1327.77830	66.6
s.cyc.34.45.2.011-1x1	Ox2-CX-s	-1023.41164	1.52	0.0433	1.87	0.0360	2.62	0.0000	-1327.77825	66.7
s.cyc.17.23.2.x11-011	Ox2-CX-s	-1023.41156	1.88	0.0438	2.12	0.0776	2.54	0.0000	-1327.77817	66.7
s.cyc.17.32.2.x11-011	Ox2-CX-s	-1023.41037	1.79	0.0417	2.27	0.0133	2.51	0.0000	-1327.77699	67.5
s.cyc.17.23.2.x11-101	Ox2-CX-s	-1023.40948	1.63	0.0741	2.16	0.0128	2.52	0.0000	-1327.77610	68.0
d.cyc.23.34.2.111-010	Ox2-C5-d	-1023.40844	1.63	0.0736	2.55	0.0061	2.57	0.0000	-1327.77505	68.7
d.cyc.23.43.2.001-111	Ox2-C5-d	-1023.40771	1.51	0.0082	2.24	0.0238	2.88	0.3707	-1327.77432	69.1
d.cyc.12.43.2.x01-111	Ox2-CX-d	-1023.40650	2.02	0.0795	2.54	0.0421	2.77	0.0000	-1327.77311	69.9
z.cyc.34.45.2.111-0x1	Ox2-CX-z	-1023.40469	0.97	0.0086	1.90	0.0420	2.69	0.0000	-1327.77130	71.0
s.cyc.34.76.2.011-11x	Ox2-CX-s	-1023.40447	1.47	0.0332	1.76	0.0326	2.61	0.0000	-1327.77108	71.2
d.cyc.17.23.2.x01-111	Ox2-CX-d	-1023.40337	1.60	0.1051	2.56	0.0005	2.57	0.0182	-1327.76998	71.9
s.cyc.17.23.2.x11-110	Ox2-CX-s	-1023.40328	1.60	0.0134	2.21	0.0764	2.63	0.0000	-1327.76990	71.9
s.cyc.34.45.2.110-1x1	Ox2-CX-s	-1023.40309	1.58	0.0499	2.16	0.0194	3.11	0.0543	-1327.76971	72.0
s.cyc.17.32.2.x11-101	Ox2-CX-s	-1023.40242	1.59	0.0130	2.17	0.0667	2.52	0.0000	-1327.76904	72.4
s.cyc.23.34.2.110-011	Ox2-C5-s	-1023.40120	1.45	0.0210	1.94	0.0277	2.41	0.1240	-1327.76781	73.2
s.cyc.34.54.2.101-1x1	Ox2-CX-s	-1023.40098	1.92	0.0185	2.17	0.0676	3.14	0.0247	-1327.76760	73.4
s.cyc.34.45.2.101.1x1	Ox2-CX-s	-1023.40093	1.61	0.0537	2.12	0.0481	3.32	0.0025	-1327.76754	73.4
s.cyc.23.43.2.110-011	Ox2-C5-s	-1023.40070	1.47	0.0065	2.03	0.0038	2.32	0.1666	-1327.76732	73.5
d.cyc.12.34.2.x01-111	Ox2-CX-d	-1023.40036	1.94	0.1201	2.47	0.0135	2.85	0.0000	-1327.76697	73.7
s.cyc.12.43.2.x11-011	Ox2-CX-s	-1023.39968	1.53	0.1090	1.62	0.0514	2.50	0.0000	-1327.76630	74.2
z.cyc.34.76.2.111-01x	Ox2-CX-z	-1023.39898	0.97	0.0058	1.91	0.0230	2.63	0.4304	-1327.76559	74.6
d.cyc.34.45.2.111-1x0	Ox2-CX-d	-1023.39851	1.55	0.1606	2.02	0.0485	2.57	0.2845	-1327.76512	74.9
s.cyc.34.54.2.011-1x1	Ox2-CX-s	-1023.39840	1.29	0.0515	1.88	0.0196	2.54	0.0000	-1327.76502	75.0
s.cyc.12.34.2.x11-011	Ox2-CX-s	-1023.39803	1.44	0.1295	1.83	0.0017	2.51	0.0000	-1327.76464	75.2
s.cyc.23.34.2.101-101	Ox2-C5-s	-1023.39801	1.89	0.0211	2.14	0.0704	3.09	0.0114	-1327.76463	75.2
s.cyc.17.32.2.x11-110	Ox2-CX-s	-1023.39785	1.63	0.0029	2.35	0.0366	2.65	0.0000	-1327.76447	75.3
z.cyc.34.67.2.111-01x	Ox2-CX-z	-1023.39727	0.85	0.0052	1.93	0.0195	2.43	0.2791	-1327.76389	75.7
d.cyc.34.76.2.111-10x	Ox2-CX-d	-1023.39682	1.56	0.0578	2.16	0.1807	2.29	0.1619	-1327.76344	76.0
s.cyc.23.34.2.011-101	Ox2-C5-s	-1023.39644	1.51	0.0306	2.01	0.0218	2.33	0.0404	-1327.76306	76.2
d.cyc.23.43.2.100-111	Ox2-C5-d	-1023.39610	1.59	0.0166	2.44	0.0604	2.57	0.0000	-1327.76271	76.4
d.cyc.23.43.2.111-100	Ox2-C5-d	-1023.39593	2.20	0.0806	2.56	0.0000	2.81	0.0019	-1327.76255	76.5
s.cyc.23.43.2.101-101	Ox2-C5-s	-1023.39540	1.82	0.1679	2.09	0.0168	3.17	0.0737	-1327.76202	76.9
s.cyc.34.76.2.110-11x	Ox2-CX-s	-1023.39536	1.57	0.0468	1.98	0.0079	2.78	0.0605	-1327.76198	76.9
s.cyc.34.76.2.101-11x	Ox2-CX-s	-1023.39388	1.59	0.0330	1.97	0.0624	2.99	0.0152	-1327.76050	77.8
z.cyc.23.34.2.010-111	Ox2-C5-z	-1023.39382	1.18	0.0136	2.23	0.0318	2.41	0.3316	-1327.76044	77.8
d.cyc.34.54.2.111-1x0	Ox2-CX-d	-1023.39353	1.55	0.1370	2.11	0.0290	2.58	0.1879	-1327.76015	78.0
d.lin.t.33.3.111-111	Ox3-AA-d	-1023.39293	2.47	0.0000	2.47	0.0000	2.73	0.0741	-1327.76396	75.6
z.cyc.34.54.2.111-0x1	Ox2-CX-z	-1023.39749	0.91	0.0080	1.95	0.0400	2.62	0.0007	-1327.76410	75.5
d.lin.c.33.3.111-111	Ox3-AA-d	-1023.39126	2.46	0.0004	2.47	0.0000	2.69	0.0344	-1327.76229	76.7
z.cyc.23.43.2.010-111	Ox2-C5-z	-1023.39100	1.16	0.0075	2.17	0.0337	2.40	0.4292	-1327.75762	79.6
s.cyc.23.43.2.011-101	Ox2-C5-s	-1023.39040	1.42	0.0139	1.84	0.0795	2.48	0.0000	-1327.75702	80.0
z.cyc.23.43.2.111-010	Ox2-C5-z	-1023.39028	1.11	0.0170	2.19	0.0053	2.46	0.1648	-1327.75690	80.1
s.cyc.12.71.2.x11-x11	Ox2-CX-s	-1023.39000	1.59	0.0139	1.81	0.1318	2.51	0.0000	-1327.75661	80.2
s.cyc.34.67.2.101-11x	Ox2-CX-s	-1023.38872	1.79	0.0136	2.09	0.0526	2.80	0.0417	-1327.75533	81.0
s.cyc.12.43.2.x11-101	Ox2-CX-s	-1023.38852	1.71	0.1425	2.11	0.0023	2.51	0.0000	-1327.75514	81.2
s.cyc.34.67.2.011-11x	Ox2-CX-s	-1023.38720	1.36	0.0415	1.76	0.0350	2.53	0.0002	-1327.75381	82.0
s.cyc.23.43.2.011-110	Ox2-C5-s	-1023.38633	1.44	0.1064	2.17	0.0237	2.27	0.0297	-1327.75294	82.5
s.cyc.23.34.2.101-110	Ox2-C5-s	-1023.38595	1.56	0.0616	2.10	0.0222	2.60	0.0623	-1327.75257	82.8
s.cyc.34.54.2.110-1x1	Ox2-CX-s	-1023.38586	1.09	0.0278	1.92	0.0636	2.95	0.0188	-1327.75248	82.8
s.cyc.23.34.2.011-110	Ox2-C5-s	-1023.38527	1.30	0.0862	1.75	0.0015	2.30	0.0232	-1327.75189	83.2
s.cyc.23.43.2.101-110	Ox2-C5-s	-1023.38496	1.54	0.0534	2.06	0.1066	2.91	0.0119	-1327.75158	83.4
d.cyc.34.67.2.111-10x	Ox2-CX-d	-1023.38382	1.51	0.0409	2.11	0.2173	2.36	0.0272	-1327.75044	84.1
d.lin.t.34.3.111-111	Ox3-AB-d	-1023.38344	2.45	0.0001	2.78	0.0597	2.86	0.0008	-1327.75447	81.6
d.lin.c.34.3.111-111	Ox3-AB-d	-1023.38209	2.46	0.0005	2.72	0.0385	2.87	0.0034	-1327.75312	82.4
s.cyc.12.34.2.x11-101	Ox2-CX-s	-1023.38079	1.74	0.1551	1.83	0.0348	2.50	0.0000	-1327.74741	86.0
z.cyc.23.34.2.111-001	Ox2-C5-z	-1023.38047	0.79	0.0479	1.52	0.0512	2.31	0.0874	-1327.74709	86.2
s.cyc.23.34.2.110-101	Ox2-C5-s	-1023.38008	1.33	0.0041	2.01	0.0031	2.30	0.0484	-1327.74669	86.5
z.cyc.23.43.2.111-001	Ox2-C5-z	-1023.37968	0.94	0.0624	2.04	0.0033	2.34	0.0375	-1327.74629	86.7
d.lin.c.37.3.111-111	Ox3-AB-d	-1023.37837	2.44	0.0002	2.65	0.2221	2.84	0.0060	-1327.74940	84.8
d.lin.t.37.3.111-111	Ox3-AB-d	-1023.37817	2.45	0.0001	2.62	0.1924	2.86	0.0012	-1327.74920	84.9
z.cyc.12.43.2.x10-111	Ox2-CX-z	-1023.37773	1.05	0.0299	2.31	0.0212	2.73	0.0000	-1327.74435	87.9
s.cyc.23.43.2.110-101	Ox2-C5-s	-1023.37669	1.28	0.0251	1.91	0.0112	2.43	0.0513	-1327.74330	88.6
z.cyc.17.32.2.x01-111	Ox2-CX-z	-1023.37628	0.89	0.0112	2.23	0.0884	2.37	0.0707	-1327.74289	88.9
d.cyc.23.34.2.100-111	Ox2-C5-d	-1023.37603	0.99	0.0001	2.18	0.0153	2.59	0.0000	-1327.74264	89.0
s.cyc.12.43.2.x11-110	Ox2-CX-s	-1023.37588	1.35	0.0894	2.08	0.0383	2.53	0.0000	-1327.74250	89.1
z.cyc.17.23.2.x10-111	Ox2-CX-z	-1023.37543	0.82	0.0219	1.59	0.0366	2.34	0.0230	-1327.74205	89.4
s.cyc.23.43.2.110-110	Ox2-C5-s	-1023.37492	1.52	0.1260	1.81	0.0282	2.16	0.0163	-1327.74153	89.7
s.cyc.23.34.2.110-110	Ox2-C5-s	-1023.37454	1.48	0.0782	1.91	0.0193	1.98	0.0126	-1327.74116	89.9
s.cyc.12.34.2.x11-110	Ox2-CX-s	-1023.37406	1.39	0.0798	2.07	0.0366	2.51	0.0000	-1327.74067	90.2
d.cyc.23.34.2.111-100	Ox2-C5-d	-1023.37391	1.35	0.0640	2.04	0.0050	2.65	0.0918	-1327.74053	90.3
d.lin.t.44.3.111-111	Ox3-BB-d	-1023.37094	2.84	0.0057	2.94	0.0000	2.96	0.1087	-1327.74196	89.4
s.cyc.34.67.2.110-11x	Ox2-CX-s	-1023.36951	0.98	0.0222	1.74	0.0604	2.54	0.0437	-1327.73613	93.1
z.cyc.12.34.2.x10-111	Ox2-CX-z	-1023.36869	0.79	0.0126	1.61	0.0265	2.73	0.0000	-1327.73530	93.6
z.cyc.17.32.2.x10-111	Ox2-CX-z	-1023.36809	1.14	0.1577	1.42	0.0552	2.39	0.0460	-1327.73470	94.0
d.lin.c.44.3.111-111	Ox3-BB-d	-1023.36737	2.79	0.1427	2.92	0.0010	2.95	0.0009	-1327.73840	91.7
s.cyc.17.17.2.x11-x11	Ox2-CX-s	-1023.36470	1.07	0.0661	1.55	0.0008	2.45	0.0000	-1327.73132	96.1
d.lin.c.47.3.111-111	Ox3-BB-d	-1023.36134	2.60	0.2080	2.88	0.0292	2.93	0.0156	-1327.73237	95.5
d.lin.t.47.3.111-111	Ox3-BB-d	-1023.35963	2.66	0.1593	2.80	0.0103	2.92	0.0064	-1327.73066	96.5
s.cyc.12.17.2.x11-x11	Ox2-CX-s	-1023.35246	1.57	0.0993	1.99	0.0035	2.48	0.0002	-1327.71907	103.8
d.lin.c.77.3.111-111	Ox3-BB-d	-1023.35069	2.57	0.1907	2.82	0.0068	2.91	0.0000	-1327.72172	102.1
d.lin.t.77.3.111-111	Ox3-BB-d	-1023.34813	2.72	0.1236	2.88	0.0088	2.88	0.0064	-1327.71916	103.7
z.lin.t.23.3.111-111	Ox3-AA-z	-1023.34269	0.62	0.0374	2.04	0.0000	2.16	0.1060	-1327.71372	107.2
z.lin.t.24.3.111-111	Ox3-AB-z	-1023.33718	0.67	0.0370	2.08	0.0000	2.19	0.2752	-1327.70821	110.6
z.lin.c.23.3.111-111	Ox3-AA-z	-1023.33718	0.46	0.0268	1.96	0.0000	2.15	0.1739	-1327.70821	110.6
z.lin.c.24.3.111-111	Ox3-AB-z	-1023.32811	0.64	0.0412	2.00	0.0063	2.13	0.3323	-1327.69914	116.3
z.lin.t.27.3.111-111	Ox3-AB-z	-1023.32651	0.68	0.0360	2.01	0.0016	2.06	0.2256	-1327.69754	117.3
z.lin.c.27.3.111-111	Ox3-AB-z	-1023.32490	0.61	0.0288	1.94	0.0027	2.04	0.2224	-1327.69593	118.3
z.lin.c.22.3.111-111	Ox3-AA-z	-1023.31591	0.82	0.2544	1.24	0.0265	2.17	0.1134	-1327.68694	124.0
z.lin.t.22.3.111-111	Ox3-AA-z	-1023.31165	0.46	0.0698	1.26	0.2092	2.06	0.0000	-1327.68268	126.6
d.cyc.34.43.3.111-111	Ox3-C6-d	-1022.22997	2.65	0.0000	2.69	0.0000	3.30	0.0973	-1327.88449	0.0
d.cyc.34.34.3.111-111	Ox3-C6-d	-1022.22368	2.63	0.0000	2.68	0.0000	3.42	0.0090	-1327.87820	3.9
d.cyc.23.43.3.111-111	Ox3-C5-d	-1022.15149	2.41	0.0380	2.57	0.0000	2.58	0.0000	-1327.80601	49.2
d.cyc.23.34.3.111-111	Ox3-C5-d	-1022.14780	2.28	0.0577	2.58	0.0000	2.80	0.0000	-1327.80232	51.6
